

=====================  错误流水单 4：8614754474552 ====================================
Thu Apr  9 13:37:52 2020
method1(yhw):静态:  0.0 矿圈:0 推荐:  0.0 动态:  0.0
method2(lqh):静态:3.0 矿圈:0 推荐:0 动态:  0.0新矿圈：0
理论最大矿圈收益:v1:0.0	v2:0.0	v3:0.0
内部序号	注册名		余额	VIP等级	节点层级	vip累计	总业绩	矿圈1	老袁矿圈	总推荐	老袁推荐	动态	老袁动态	静态	老袁静态	二代推荐	推荐码

详情如下:
--------------------------------------------------------------
Info 4:
总业绩(含自身):300	300
下属贡献:0
下属数量:1
下属编号:	[4]

4	8614754474552	300	0	13	0	300	 0.0	 0.0	 0.0	 0.0	 0.0	 0.0	 3.0	 0.0	 0.0	BSO706454


=====================  错误流水单 39：8619995437059 ====================================
Thu Apr  9 13:37:52 2020
method1(yhw):静态: 60.0 矿圈:25.5000000000 推荐:113.4 动态:113.4
method2(lqh):静态:60.0 矿圈:37.5 推荐:87.9 动态:125.4新矿圈：37.5
理论最大矿圈收益:v1:37.5	v2:56.25	v3:75.0
内部序号	注册名		余额	VIP等级	节点层级	vip累计	总业绩	矿圈1	老袁矿圈	总推荐	老袁推荐	动态	老袁动态	静态	老袁静态	二代推荐	推荐码

详情如下:
--------------------------------------------------------------
Info 39:
总业绩(含自身):29500	29500
下属贡献:25500
下属数量:14
下属编号:	[39, 7, 81, 4, 203, 214, 97, 138, 133, 198, 185, 28, 139, 206]

39	8619995437059	4000	1	11	12900	29500	37.5	25.5	87.9	87.9	125.4	113.4	60.0	60.0	26.4	GIE371281
7	8613732268550	300	0	12	0	300	 0.0	 0.0	 0.0	 0.0	 0.0	 0.0	 3.0	 3.0	 0.0	BVC270027
81	8615384944135	4000	0	12	600	12600	 0.0	 0.0	45.0	45.0	45.0	45.0	60.0	60.0	12.0	KQJ184239
4	8614754474552	300	0	13	0	300	 0.0	 0.0	 0.0	 0.0	 0.0	 0.0	 3.0	 0.0	 0.0	BSO706454
203	8618464601218	300	0	13	0	300	 0.0	 0.0	 0.0	 0.0	 0.0	 0.0	 3.0	 0.0	 0.0	YIW962413
214	8617895364218	4000	0	13	0	8000	 0.0	 0.0	30.0	 0.0	30.0	 0.0	60.0	 0.0	 0.0	ZVR989883
97	8617896362909	4000	0	14	0	4000	 0.0	 0.0	 0.0	 0.0	 0.0	 0.0	60.0	 0.0	 0.0	MGS048944
138	8618294117991	4000	0	12	600	12600	 0.0	 0.0	45.0	 0.0	45.0	 0.0	60.0	 0.0	12.0	QJZ731356
133	8618372172656	300	0	13	0	300	 0.0	 0.0	 0.0	 0.0	 0.0	 0.0	 3.0	 0.0	 0.0	PPY707589
198	8618690737470	4000	0	13	0	8000	 0.0	 0.0	30.0	 0.0	30.0	 0.0	60.0	 0.0	 0.0	YFC159196
185	8613594429380	4000	0	14	0	4000	 0.0	 0.0	 0.0	 0.0	 0.0	 0.0	60.0	 0.0	 0.0	WOE259525
28	8617895080407	0	0	15	0	0	 0.0	 0.0	 0.0	 0.0	 0.0	 0.0	 0.0	 0.0	 0.0	DSS625130
139	8617612383979	0	0	15	0	0	 0.0	 0.0	 0.0	 0.0	 0.0	 0.0	 0.0	 0.0	 0.0	QOR321736
206	8615854883485	300	0	13	0	300	 0.0	 0.0	 0.0	 0.0	 0.0	 0.0	 3.0	 0.0	 0.0	ZBN092945


=====================  错误流水单 49：8615923582339 ====================================
Thu Apr  9 13:37:52 2020
method1(yhw):静态: 60.0 矿圈:30.4500000000 推荐: 90.4 动态: 90.4
method2(lqh):静态:60.0 矿圈:155.66968750000004 推荐:60.0 动态:215.7新矿圈：155.6696875
理论最大矿圈收益:v1:337.70000000000005	v2:506.54999999999995	v3:675.4000000000001
内部序号	注册名		余额	VIP等级	节点层级	vip累计	总业绩	矿圈1	老袁矿圈	总推荐	老袁推荐	动态	老袁动态	静态	老袁静态	二代推荐	推荐码

详情如下:
--------------------------------------------------------------
Info 49:
总业绩(含自身):233700	233700
下属贡献:229700
下属数量:193
下属编号:	[49, 40, 72, 10, 152, 68, 103, 111, 135, 161, 74, 32, 176, 189, 116, 155, 175, 66, 80, 100, 136, 174, 12, 21, 105, 99, 101, 129, 8, 94, 190, 148, 126, 143, 196, 27, 37, 59, 63, 207, 112, 55, 70, 89, 153, 163, 184, 201, 151, 79, 193, 173, 168, 121, 38, 35, 108, 73, 150, 154, 115, 69, 122, 212, 205, 188, 157, 166, 211, 132, 29, 118, 134, 216, 61, 102, 48, 197, 128, 199, 96, 160, 42, 67, 162, 140, 137, 120, 149, 76, 34, 39, 7, 81, 4, 203, 214, 97, 138, 133, 198, 185, 28, 139, 206, 58, 171, 88, 2, 65, 85, 9, 178, 187, 87, 46, 106, 127, 90, 16, 24, 30, 47, 6, 91, 93, 98, 104, 107, 144, 145, 170, 191, 164, 208, 213, 75, 158, 125, 147, 113, 165, 95, 183, 5, 186, 204, 43, 209, 33, 50, 13, 51, 53, 177, 167, 17, 179, 84, 200, 18, 117, 182, 83, 194, 210, 77, 142, 11, 15, 192, 19, 22, 159, 20, 36, 41, 60, 26, 71, 215, 54, 23, 44, 124, 146, 14, 3, 31, 56, 82, 110, 141]

49	8615923582339	4000	2	3	41200	233700	155.7	30.4	60.0	60.0	215.7	90.4	60.0	60.0	 0.0	HCC246660
40	8613436128653	4000	1	4	12600	41200	20.7	20.7	99.3	99.3	120.0	120.0	60.0	60.0	37.8	GJE613222
72	8618623000312	4000	0	5	600	24600	 0.0	 0.0	81.0	81.0	81.0	81.0	60.0	60.0	48.0	JUH601330
10	8613594368937	300	0	6	0	300	 0.0	 0.0	 0.0	 0.0	 0.0	 0.0	 3.0	 3.0	 0.0	BYS004049
152	8618166435099	4000	1	6	12000	20000	24.0	24.0	120.0	120.0	144.0	144.0	60.0	60.0	 0.0	SJW865929
68	8618225296268	4000	0	7	0	4000	 0.0	 0.0	 0.0	 0.0	 0.0	 0.0	60.0	60.0	 0.0	JIF228248
103	8615823117565	4000	0	7	0	4000	 0.0	 0.0	 0.0	 0.0	 0.0	 0.0	60.0	60.0	 0.0	MUZ097260
111	8613668082733	4000	0	7	0	4000	 0.0	 0.0	 0.0	 0.0	 0.0	 0.0	60.0	60.0	 0.0	NRW084979
135	8619923410905	4000	0	7	0	4000	 0.0	 0.0	 0.0	 0.0	 0.0	 0.0	60.0	60.0	 0.0	PVY960713
161	8613594321993	300	0	6	0	300	 0.0	 0.0	 0.0	 0.0	 0.0	 0.0	 3.0	 3.0	 0.0	TKY323728
74	8613140207678	4000	1	5	4300	12300	12.3	12.3	61.5	61.5	73.8	73.8	60.0	60.0	 0.0	JXF789024
32	8613594600487	300	0	6	0	300	 0.0	 0.0	 0.0	 0.0	 0.0	 0.0	 3.0	 3.0	 0.0	EYW390360
176	8618523389644	4000	0	6	0	4000	 0.0	 0.0	 0.0	 0.0	 0.0	 0.0	60.0	60.0	 0.0	VOE981883
189	8618602338597	4000	0	6	0	4000	 0.0	 0.0	 0.0	 0.0	 0.0	 0.0	60.0	60.0	 0.0	WZK929465
116	8613883532319	0	0	7	0	0	 0.0	 0.0	 0.0	 0.0	 0.0	 0.0	 0.0	 0.0	 0.0	OJT200580
155	8613594646852	300	0	5	0	300	 0.0	 0.0	 0.0	 0.0	 0.0	 0.0	 3.0	 3.0	 0.0	SRO041312
175	8613389670970	4000	1	4	24000	188500	18.2	38.9	30.0	30.0	48.2	68.9	60.0	60.0	 0.0	VKP340587
66	8613730607188	4000	1	5	56200	160500	41.2	18.3	31.5	31.5	72.7	49.8	60.0	60.0	 0.0	IZY921840
80	8615682027555	0	0	6	0	0	 0.0	 0.0	 0.0	 0.0	 0.0	 0.0	 0.0	 0.0	 0.0	KIZ481215
100	8618190998487	0	0	6	0	23900	 0.0	 0.0	 0.0	 0.0	 0.0	 0.0	 0.0	 0.0	 0.0	MLO262967
136	8617723286362	0	0	7	0	0	 0.0	 0.0	 0.0	 0.0	 0.0	 0.0	 0.0	 0.0	 0.0	PXN627593
174	8613987687833	0	0	7	0	23900	 0.0	 0.0	 0.0	 0.0	 0.0	 0.0	 0.0	 0.0	 0.0	VKB393194
12	8615228905480	0	0	8	0	23900	 0.0	 0.0	 0.0	 0.0	 0.0	 0.0	 0.0	 0.0	 0.0	CPK283124
21	8613628061207	2000	0	9	900	23900	 0.0	 0.0	14.5	14.5	14.5	14.5	26.0	26.0	 0.0	DJU834394
105	8618208196827	4000	1	10	4000	21000	14.0	14.0	60.0	60.0	74.0	74.0	60.0	60.0	 0.0	MZT056331
99	8618981999102	0	0	11	0	0	 0.0	 0.0	 0.0	 0.0	 0.0	 0.0	 0.0	 0.0	 0.0	MHS040805
101	8613908091660	4000	0	11	0	4000	 0.0	 0.0	 0.0	 0.0	 0.0	 0.0	60.0	60.0	 0.0	MRQ403213
129	8613908077773	4000	1	11	5000	13000	13.1	13.1	65.5	65.5	78.6	78.6	60.0	60.0	 0.0	PLX949631
8	8617313119688	1000	0	12	0	1000	 0.0	 0.0	 0.0	 0.0	 0.0	 0.0	11.0	11.0	 0.0	BVL353491
94	8613165775558	0	0	13	0	0	 0.0	 0.0	 0.0	 0.0	 0.0	 0.0	 0.0	 0.0	 0.0	LZV731629
190	8613609255448	0	0	14	0	0	 0.0	 0.0	 0.0	 0.0	 0.0	 0.0	 0.0	 0.0	 0.0	WZS552734
148	8619983156984	4000	0	12	0	4000	 0.0	 0.0	 0.0	 0.0	 0.0	 0.0	60.0	60.0	 0.0	ROQ247624
126	8613896331933	0	0	13	0	0	 0.0	 0.0	 0.0	 0.0	 0.0	 0.0	 0.0	 0.0	 0.0	PGM369846
143	8613408453982	0	0	13	0	0	 0.0	 0.0	 0.0	 0.0	 0.0	 0.0	 0.0	 0.0	 0.0	QZW105699
196	8618113097275	4000	0	12	0	4000	 0.0	 0.0	 0.0	 0.0	 0.0	 0.0	60.0	 0.0	 0.0	YBU222334
27	8618030898800	0	0	13	0	0	 0.0	 0.0	 0.0	 0.0	 0.0	 0.0	 0.0	 0.0	 0.0	DSK687571
37	8617313072887	0	0	14	0	0	 0.0	 0.0	 0.0	 0.0	 0.0	 0.0	 0.0	 0.0	 0.0	FRJ543296
59	8618380343157	0	0	13	0	0	 0.0	 0.0	 0.0	 0.0	 0.0	 0.0	 0.0	 0.0	 0.0	ICX796458
63	8615308017177	0	0	13	0	0	 0.0	 0.0	 0.0	 0.0	 0.0	 0.0	 0.0	 0.0	 0.0	IRZ254913
207	8615102844002	300	0	10	300	900	 0.0	 0.0	 3.0	 3.0	 3.0	 3.0	 3.0	 3.0	 0.0	ZCB612967
112	8615608885772	300	0	11	0	300	 0.0	 0.0	 0.0	 0.0	 0.0	 0.0	 3.0	 3.0	 0.0	NWV637878
55	8618982549929	0	0	12	0	0	 0.0	 0.0	 0.0	 0.0	 0.0	 0.0	 0.0	 0.0	 0.0	HVG427385
70	8613008104208	0	0	12	0	0	 0.0	 0.0	 0.0	 0.0	 0.0	 0.0	 0.0	 0.0	 0.0	JSB357301
89	8613980650960	0	0	12	0	0	 0.0	 0.0	 0.0	 0.0	 0.0	 0.0	 0.0	 0.0	 0.0	LCZ127113
153	8615196605633	0	0	12	0	0	 0.0	 0.0	 0.0	 0.0	 0.0	 0.0	 0.0	 0.0	 0.0	SNK069573
163	8615208277240	0	0	12	0	0	 0.0	 0.0	 0.0	 0.0	 0.0	 0.0	 0.0	 0.0	 0.0	TQP450886
184	8615196631957	0	0	12	0	0	 0.0	 0.0	 0.0	 0.0	 0.0	 0.0	 0.0	 0.0	 0.0	WNK825188
201	8615208271528	0	0	12	0	0	 0.0	 0.0	 0.0	 0.0	 0.0	 0.0	 0.0	 0.0	 0.0	YHQ655614
151	8617761292691	300	0	11	0	300	 0.0	 0.0	 0.0	 0.0	 0.0	 0.0	 3.0	 3.0	 0.0	SFL046454
79	8615208276263	0	0	12	0	0	 0.0	 0.0	 0.0	 0.0	 0.0	 0.0	 0.0	 0.0	 0.0	KBI561950
193	8613516396579	0	0	11	0	0	 0.0	 0.0	 0.0	 0.0	 0.0	 0.0	 0.0	 0.0	 0.0	XQF487757
173	8613926019869	0	0	8	0	0	 0.0	 0.0	 0.0	 0.0	 0.0	 0.0	 0.0	 0.0	 0.0	VIL269526
168	8615340702026	0	0	9	0	0	 0.0	 0.0	 0.0	 0.0	 0.0	 0.0	 0.0	 0.0	 0.0	URD023157
121	8618881873075	0	0	6	0	32000	 0.0	 0.0	 0.0	 0.0	 0.0	 0.0	 0.0	 0.0	 0.0	OTI309606
38	8613140053163	4000	0	7	0	32000	 0.0	 0.0	30.0	30.0	30.0	30.0	60.0	60.0	 0.0	FXV059138
35	8619969583617	0	0	8	0	0	 0.0	 0.0	 0.0	 0.0	 0.0	 0.0	 0.0	 0.0	 0.0	FLZ162719
108	8613354308921	4000	1	8	14000	28000	34.4	21.3	96.6	96.6	131.0	117.9	60.0	60.0	 6.6	NFY139619
73	8618943609121	4000	0	9	0	5000	 0.0	 0.0	 5.5	 5.5	 5.5	 5.5	60.0	60.0	 0.0	JWB920789
150	8618946760921	1000	0	10	0	1000	 0.0	 0.0	 0.0	 0.0	 0.0	 0.0	11.0	11.0	 0.0	RWZ004594
154	8613159520700	4000	0	9	0	10000	 0.0	 0.0	 5.5	 5.5	 5.5	 5.5	60.0	60.0	 0.0	SPB498452
115	8618946594456	1000	0	10	0	6000	 0.0	 0.0	 5.5	 5.5	 5.5	 5.5	11.0	11.0	 0.0	ODI669848
69	8613179130799	1000	0	11	0	5000	 0.0	 0.0	 5.5	 5.5	 5.5	 5.5	11.0	11.0	 0.0	JPJ583879
122	8613331760076	4000	0	12	0	4000	 0.0	 0.0	 0.0	 0.0	 0.0	 0.0	60.0	 0.0	 0.0	OUM705468
212	8618318874997	0	0	12	0	0	 0.0	 0.0	 0.0	 0.0	 0.0	 0.0	 0.0	 0.0	 0.0	ZQD045522
205	8618943627692	4000	0	9	0	9000	 0.0	 0.0	 5.5	 5.5	 5.5	 5.5	60.0	60.0	 0.0	YKO206370
188	8613578876711	1000	0	10	0	5000	 0.0	 0.0	 5.5	 0.0	 5.5	 0.0	11.0	11.0	 0.0	WUY684475
157	8615506013567	4000	0	11	0	4000	 0.0	 0.0	 0.0	 0.0	 0.0	 0.0	60.0	 0.0	 0.0	STJ172221
166	8617549669431	0	0	12	0	0	 0.0	 0.0	 0.0	 0.0	 0.0	 0.0	 0.0	 0.0	 0.0	UCC349096
211	8613738495060	0	0	8	0	0	 0.0	 0.0	 0.0	 0.0	 0.0	 0.0	 0.0	 0.0	 0.0	ZNV599175
132	8615615625309	0	0	6	0	0	 0.0	 0.0	 0.0	 0.0	 0.0	 0.0	 0.0	 0.0	 0.0	PPV644734
29	8618354299492	0	0	7	0	0	 0.0	 0.0	 0.0	 0.0	 0.0	 0.0	 0.0	 0.0	 0.0	DVB845978
118	8615519199999	0	0	8	0	0	 0.0	 0.0	 0.0	 0.0	 0.0	 0.0	 0.0	 0.0	 0.0	OLI516885
134	8615922541777	4000	0	6	0	100300	 0.0	 0.0	30.0	30.0	30.0	30.0	60.0	60.0	 0.0	PTG596411
216	8615771973131	4000	0	7	1300	96300	 0.0	 0.0	66.2	66.2	66.2	66.2	60.0	60.0	29.2	ZZQ075791
61	8618991161130	1000	0	8	0	1000	 0.0	 0.0	 0.0	 0.0	 0.0	 0.0	11.0	11.0	 0.0	IGM921391
102	8615523393777	0	0	8	0	0	 0.0	 0.0	 0.0	 0.0	 0.0	 0.0	 0.0	 0.0	 0.0	MTN705424
48	8613721443992	0	0	9	0	0	 0.0	 0.0	 0.0	 0.0	 0.0	 0.0	 0.0	 0.0	 0.0	GZS044167
197	8617774907550	0	0	9	0	0	 0.0	 0.0	 0.0	 0.0	 0.0	 0.0	 0.0	 0.0	 0.0	YDN805386
128	8613205334598	300	0	8	0	300	 0.0	 0.0	 0.0	 0.0	 0.0	 0.0	 3.0	 3.0	 0.0	PLB514299
199	8618729573406	4000	1	8	16000	91000	33.9	30.0	99.8	99.8	133.7	129.8	60.0	60.0	26.8	YGX847744
96	8618149365022	4000	0	9	0	14000	 0.0	 0.0	 5.5	 5.5	 5.5	 5.5	60.0	60.0	 0.0	MDB114115
160	8618942591687	1000	0	10	0	10000	 0.0	 0.0	 5.5	 5.5	 5.5	 5.5	11.0	11.0	 0.0	TDD824072
42	8618932167565	0	0	11	0	0	 0.0	 0.0	 0.0	 0.0	 0.0	 0.0	 0.0	 0.0	 0.0	GKP662537
67	8615070730678	4000	0	11	0	9000	 0.0	 0.0	30.0	30.0	30.0	30.0	60.0	60.0	 0.0	JCD407107
162	8618710626161	4000	0	12	0	5000	 0.0	 0.0	 0.0	 0.0	 0.0	 0.0	60.0	60.0	 0.0	TNB503947
140	8613606366585	0	0	13	0	1000	 0.0	 0.0	 0.0	 0.0	 0.0	 0.0	 0.0	 0.0	 0.0	QQZ456975
137	8613455660218	1000	0	14	0	1000	 0.0	 0.0	 0.0	 0.0	 0.0	 0.0	11.0	11.0	 0.0	QFS857784
120	8618502948129	2000	0	9	0	2000	 0.0	 0.0	 0.0	 0.0	 0.0	 0.0	26.0	26.0	 0.0	OSD257507
149	8618428132572	4000	1	9	29500	71000	34.1	25.7	97.5	97.5	131.6	123.2	60.0	60.0	36.0	ROS156663
76	8613458615362	4000	1	10	4000	37500	17.6	17.6	60.0	60.0	77.6	77.6	60.0	60.0	 0.0	JXJ028332
34	8613806248096	0	0	11	0	0	 0.0	 0.0	 0.0	 0.0	 0.0	 0.0	 0.0	 0.0	 0.0	FJH579704
39	8619995437059	4000	1	11	12900	29500	37.5	25.5	87.9	87.9	125.4	113.4	60.0	60.0	26.4	GIE371281
7	8613732268550	300	0	12	0	300	 0.0	 0.0	 0.0	 0.0	 0.0	 0.0	 3.0	 3.0	 0.0	BVC270027
81	8615384944135	4000	0	12	600	12600	 0.0	 0.0	45.0	45.0	45.0	45.0	60.0	60.0	12.0	KQJ184239
4	8614754474552	300	0	13	0	300	 0.0	 0.0	 0.0	 0.0	 0.0	 0.0	 3.0	 0.0	 0.0	BSO706454
203	8618464601218	300	0	13	0	300	 0.0	 0.0	 0.0	 0.0	 0.0	 0.0	 3.0	 0.0	 0.0	YIW962413
214	8617895364218	4000	0	13	0	8000	 0.0	 0.0	30.0	 0.0	30.0	 0.0	60.0	 0.0	 0.0	ZVR989883
97	8617896362909	4000	0	14	0	4000	 0.0	 0.0	 0.0	 0.0	 0.0	 0.0	60.0	 0.0	 0.0	MGS048944
138	8618294117991	4000	0	12	600	12600	 0.0	 0.0	45.0	 0.0	45.0	 0.0	60.0	 0.0	12.0	QJZ731356
133	8618372172656	300	0	13	0	300	 0.0	 0.0	 0.0	 0.0	 0.0	 0.0	 3.0	 0.0	 0.0	PPY707589
198	8618690737470	4000	0	13	0	8000	 0.0	 0.0	30.0	 0.0	30.0	 0.0	60.0	 0.0	 0.0	YFC159196
185	8613594429380	4000	0	14	0	4000	 0.0	 0.0	 0.0	 0.0	 0.0	 0.0	60.0	 0.0	 0.0	WOE259525
28	8617895080407	0	0	15	0	0	 0.0	 0.0	 0.0	 0.0	 0.0	 0.0	 0.0	 0.0	 0.0	DSS625130
139	8617612383979	0	0	15	0	0	 0.0	 0.0	 0.0	 0.0	 0.0	 0.0	 0.0	 0.0	 0.0	QOR321736
206	8615854883485	300	0	13	0	300	 0.0	 0.0	 0.0	 0.0	 0.0	 0.0	 3.0	 0.0	 0.0	ZBN092945
58	8615198274672	0	0	11	0	0	 0.0	 0.0	 0.0	 0.0	 0.0	 0.0	 0.0	 0.0	 0.0	ICN581425
171	8618284531187	4000	0	11	0	4000	 0.0	 0.0	 0.0	 0.0	 0.0	 0.0	60.0	60.0	 0.0	VED130862
88	8615361643318	4000	0	10	0	29200	 0.0	 0.0	30.0	30.0	30.0	30.0	60.0	60.0	 0.0	LCP644573
2	8618864286367	4000	0	11	600	25200	 0.0	 0.0	46.2	46.2	46.2	46.2	60.0	60.0	13.2	BJO886097
65	8617896886062	300	0	12	0	300	 0.0	 0.0	 0.0	 0.0	 0.0	 0.0	 3.0	 3.0	 0.0	IWY400491
85	8613723088743	4000	0	12	600	20600	 0.0	 0.0	45.0	45.0	45.0	45.0	60.0	60.0	12.0	KSY376644
9	8614738962743	4000	1	13	4000	16000	 7.8	 7.3	30.0	30.0	37.8	37.3	60.0	60.0	 0.0	BWG925767
178	8613122233850	4000	0	14	0	4000	 0.0	 0.0	 0.0	 0.0	 0.0	 0.0	60.0	60.0	 0.0	VQD105821
187	8613710814552	0	1	14	4000	8000	12.0	 0.0	 0.0	 0.0	12.0	 0.0	 0.0	 0.0	 0.0	WRV037849
87	8613436251181	4000	0	15	0	4000	 0.0	 0.0	 0.0	 0.0	 0.0	 0.0	60.0	 0.0	 0.0	KXS967145
46	8614716984552	0	0	16	0	0	 0.0	 0.0	 0.0	 0.0	 0.0	 0.0	 0.0	 0.0	 0.0	GWH329899
106	8615728413552	0	0	16	0	0	 0.0	 0.0	 0.0	 0.0	 0.0	 0.0	 0.0	 0.0	 0.0	NCM699179
127	8613452991181	0	0	16	0	0	 0.0	 0.0	 0.0	 0.0	 0.0	 0.0	 0.0	 0.0	 0.0	PKL243090
90	8615519066670	0	0	15	0	4000	 0.0	 0.0	 0.0	 0.0	 0.0	 0.0	 0.0	 0.0	 0.0	LEK349171
16	8617816866621	0	0	16	0	0	 0.0	 0.0	 0.0	 0.0	 0.0	 0.0	 0.0	 0.0	 0.0	DBZ448532
24	8618875291181	0	0	16	0	0	 0.0	 0.0	 0.0	 0.0	 0.0	 0.0	 0.0	 0.0	 0.0	DMP056832
30	8619991206625	0	0	16	0	0	 0.0	 0.0	 0.0	 0.0	 0.0	 0.0	 0.0	 0.0	 0.0	EDZ119972
47	8614756801743	0	0	16	0	4000	 0.0	 0.0	 0.0	 0.0	 0.0	 0.0	 0.0	 0.0	 0.0	GXO370909
6	8615851661002	0	0	17	0	0	 0.0	 0.0	 0.0	 0.0	 0.0	 0.0	 0.0	 0.0	 0.0	BTU375678
91	8613423500324	0	0	17	0	0	 0.0	 0.0	 0.0	 0.0	 0.0	 0.0	 0.0	 0.0	 0.0	LKR007211
93	8615890072666	0	0	17	0	0	 0.0	 0.0	 0.0	 0.0	 0.0	 0.0	 0.0	 0.0	 0.0	LRH428360
98	8617265407111	0	0	17	0	0	 0.0	 0.0	 0.0	 0.0	 0.0	 0.0	 0.0	 0.0	 0.0	MGZ308110
104	8615825912765	0	0	17	0	0	 0.0	 0.0	 0.0	 0.0	 0.0	 0.0	 0.0	 0.0	 0.0	MXP255912
107	8615323841938	0	0	17	0	0	 0.0	 0.0	 0.0	 0.0	 0.0	 0.0	 0.0	 0.0	 0.0	NFE296848
144	8613720280787	0	0	17	0	0	 0.0	 0.0	 0.0	 0.0	 0.0	 0.0	 0.0	 0.0	 0.0	RGX070696
145	8618999990902	0	0	17	0	0	 0.0	 0.0	 0.0	 0.0	 0.0	 0.0	 0.0	 0.0	 0.0	RHM684879
170	8617896887190	4000	0	17	0	4000	 0.0	 0.0	 0.0	 0.0	 0.0	 0.0	60.0	60.0	 0.0	VDT446026
191	8615827147472	0	0	17	0	0	 0.0	 0.0	 0.0	 0.0	 0.0	 0.0	 0.0	 0.0	 0.0	XBL033046
164	8618182366225	0	0	16	0	0	 0.0	 0.0	 0.0	 0.0	 0.0	 0.0	 0.0	 0.0	 0.0	TWY594583
208	8613986075537	0	0	16	0	0	 0.0	 0.0	 0.0	 0.0	 0.0	 0.0	 0.0	 0.0	 0.0	ZCR962182
213	8613452671181	0	0	15	0	0	 0.0	 0.0	 0.0	 0.0	 0.0	 0.0	 0.0	 0.0	 0.0	ZTZ727736
75	8614738961230	300	0	13	0	300	 0.0	 0.0	 0.0	 0.0	 0.0	 0.0	 3.0	 3.0	 0.0	JXH632323
158	8615519066690	300	0	13	0	300	 0.0	 0.0	 0.0	 0.0	 0.0	 0.0	 3.0	 3.0	 0.0	TBF443551
125	8617896886082	300	0	12	0	300	 0.0	 0.0	 0.0	 0.0	 0.0	 0.0	 3.0	 3.0	 0.0	OYN815916
147	8618706743156	0	0	11	0	0	 0.0	 0.0	 0.0	 0.0	 0.0	 0.0	 0.0	 0.0	 0.0	RNH645063
113	8618681373866	300	0	10	0	300	 0.0	 0.0	 0.0	 0.0	 0.0	 0.0	 3.0	 3.0	 0.0	NXT447503
165	8618690737490	0	0	10	0	0	 0.0	 0.0	 0.0	 0.0	 0.0	 0.0	 0.0	 0.0	 0.0	TYK547392
95	8617338318880	0	0	11	0	0	 0.0	 0.0	 0.0	 0.0	 0.0	 0.0	 0.0	 0.0	 0.0	LZY662594
183	8615984799998	300	0	6	0	300	 0.0	 0.0	 0.0	 0.0	 0.0	 0.0	 3.0	 3.0	 0.0	WLV742965
5	8618011391262	0	0	7	0	0	 0.0	 0.0	 0.0	 0.0	 0.0	 0.0	 0.0	 0.0	 0.0	BSR456491
186	8615047703409	0	0	6	0	0	 0.0	 0.0	 0.0	 0.0	 0.0	 0.0	 0.0	 0.0	 0.0	WQY904064
204	8615037377093	0	0	6	0	0	 0.0	 0.0	 0.0	 0.0	 0.0	 0.0	 0.0	 0.0	 0.0	YJO198034
43	8613733173002	0	0	7	0	0	 0.0	 0.0	 0.0	 0.0	 0.0	 0.0	 0.0	 0.0	 0.0	GKR884461
209	8615086788778	0	0	5	0	24000	 0.0	 0.0	 0.0	 0.0	 0.0	 0.0	 0.0	 0.0	 0.0	ZEG940521
33	8618583995265	0	0	6	0	24000	 0.0	 0.0	 0.0	 0.0	 0.0	 0.0	 0.0	 0.0	 0.0	FIZ046564
50	8615223873233	4000	1	7	8000	24000	30.0	24.0	60.0	60.0	90.0	84.0	60.0	60.0	 0.0	HFO628364
13	8618685299922	4000	0	8	0	8000	 0.0	 0.0	30.0	30.0	30.0	30.0	60.0	60.0	 0.0	CQX327622
51	8613925090536	4000	0	9	0	4000	 0.0	 0.0	 0.0	 0.0	 0.0	 0.0	60.0	60.0	 0.0	HGM493796
53	8618818805896	0	0	10	0	0	 0.0	 0.0	 0.0	 0.0	 0.0	 0.0	 0.0	 0.0	 0.0	HNQ461543
177	8613303899611	0	0	10	0	0	 0.0	 0.0	 0.0	 0.0	 0.0	 0.0	 0.0	 0.0	 0.0	VPU200042
167	8618723842188	4000	0	8	0	12000	 0.0	 0.0	30.0	30.0	30.0	30.0	60.0	60.0	 0.0	UNN741411
17	8618716439337	4000	0	9	0	8000	 0.0	 0.0	 0.0	 0.0	 0.0	 0.0	60.0	60.0	 0.0	DDU213990
179	8613888791852	0	0	10	0	4000	 0.0	 0.0	 0.0	 0.0	 0.0	 0.0	 0.0	 0.0	 0.0	WBL803274
84	8618375627455	0	0	11	0	0	 0.0	 0.0	 0.0	 0.0	 0.0	 0.0	 0.0	 0.0	 0.0	KST876448
200	8613368163603	0	0	12	0	0	 0.0	 0.0	 0.0	 0.0	 0.0	 0.0	 0.0	 0.0	 0.0	YHC651845
18	8613388999888	0	0	13	0	0	 0.0	 0.0	 0.0	 0.0	 0.0	 0.0	 0.0	 0.0	 0.0	DHE182051
117	8615555178658	0	0	13	0	0	 0.0	 0.0	 0.0	 0.0	 0.0	 0.0	 0.0	 0.0	 0.0	OKY966915
182	8618166319777	0	0	11	0	4000	 0.0	 0.0	 0.0	 0.0	 0.0	 0.0	 0.0	 0.0	 0.0	WJT845578
83	8615223829113	0	0	12	0	4000	 0.0	 0.0	 0.0	 0.0	 0.0	 0.0	 0.0	 0.0	 0.0	KSL866668
194	8618996123538	4000	0	13	0	4000	 0.0	 0.0	 0.0	 0.0	 0.0	 0.0	60.0	 0.0	 0.0	XWU452568
210	8618368779506	0	0	13	0	0	 0.0	 0.0	 0.0	 0.0	 0.0	 0.0	 0.0	 0.0	 0.0	ZNL577877
77	8618123222641	0	0	7	0	0	 0.0	 0.0	 0.0	 0.0	 0.0	 0.0	 0.0	 0.0	 0.0	JYU625776
142	8618123222642	0	0	8	0	0	 0.0	 0.0	 0.0	 0.0	 0.0	 0.0	 0.0	 0.0	 0.0	QYD959806
11	8618583995249	0	0	9	0	0	 0.0	 0.0	 0.0	 0.0	 0.0	 0.0	 0.0	 0.0	 0.0	CMH516722
15	8613636590953	0	0	10	0	0	 0.0	 0.0	 0.0	 0.0	 0.0	 0.0	 0.0	 0.0	 0.0	CVL862894
192	8618008354387	0	0	11	0	0	 0.0	 0.0	 0.0	 0.0	 0.0	 0.0	 0.0	 0.0	 0.0	XLV825102
19	8615223781119	0	0	10	0	0	 0.0	 0.0	 0.0	 0.0	 0.0	 0.0	 0.0	 0.0	 0.0	DIV853663
22	8618583995248	0	0	10	0	0	 0.0	 0.0	 0.0	 0.0	 0.0	 0.0	 0.0	 0.0	 0.0	DJX816239
159	8618123222084	0	0	11	0	0	 0.0	 0.0	 0.0	 0.0	 0.0	 0.0	 0.0	 0.0	 0.0	TCE601266
20	8618583995243	0	0	12	0	0	 0.0	 0.0	 0.0	 0.0	 0.0	 0.0	 0.0	 0.0	 0.0	DJI028200
36	8618123222064	0	0	13	0	0	 0.0	 0.0	 0.0	 0.0	 0.0	 0.0	 0.0	 0.0	 0.0	FNU881346
41	8618598539111	0	0	13	0	0	 0.0	 0.0	 0.0	 0.0	 0.0	 0.0	 0.0	 0.0	 0.0	GKH500638
60	8613658469082	0	0	12	0	0	 0.0	 0.0	 0.0	 0.0	 0.0	 0.0	 0.0	 0.0	 0.0	IDC721548
26	8618375759660	0	0	13	0	0	 0.0	 0.0	 0.0	 0.0	 0.0	 0.0	 0.0	 0.0	 0.0	DRR947674
71	8615923129800	0	0	13	0	0	 0.0	 0.0	 0.0	 0.0	 0.0	 0.0	 0.0	 0.0	 0.0	JSC260045
215	8618696578048	0	0	9	0	0	 0.0	 0.0	 0.0	 0.0	 0.0	 0.0	 0.0	 0.0	 0.0	ZZI592784
54	8618581188889	0	0	10	0	0	 0.0	 0.0	 0.0	 0.0	 0.0	 0.0	 0.0	 0.0	 0.0	HPS081382
23	8615310238997	0	0	11	0	0	 0.0	 0.0	 0.0	 0.0	 0.0	 0.0	 0.0	 0.0	 0.0	DLS136088
44	8613508318633	0	0	11	0	0	 0.0	 0.0	 0.0	 0.0	 0.0	 0.0	 0.0	 0.0	 0.0	GMU493647
124	8619923136672	0	0	11	0	0	 0.0	 0.0	 0.0	 0.0	 0.0	 0.0	 0.0	 0.0	 0.0	OYJ140455
146	8613251253231	0	0	8	0	0	 0.0	 0.0	 0.0	 0.0	 0.0	 0.0	 0.0	 0.0	 0.0	RIB073327
14	8615322489116	0	0	9	0	0	 0.0	 0.0	 0.0	 0.0	 0.0	 0.0	 0.0	 0.0	 0.0	CSZ127921
3	8613433668689	0	0	10	0	0	 0.0	 0.0	 0.0	 0.0	 0.0	 0.0	 0.0	 0.0	 0.0	BKX048781
31	8615052418636	0	0	10	0	0	 0.0	 0.0	 0.0	 0.0	 0.0	 0.0	 0.0	 0.0	 0.0	ESP995725
56	8618927603889	0	0	10	0	0	 0.0	 0.0	 0.0	 0.0	 0.0	 0.0	 0.0	 0.0	 0.0	HXR966759
82	8615551197766	0	0	10	0	0	 0.0	 0.0	 0.0	 0.0	 0.0	 0.0	 0.0	 0.0	 0.0	KRJ759923
110	8613251253073	0	0	9	0	0	 0.0	 0.0	 0.0	 0.0	 0.0	 0.0	 0.0	 0.0	 0.0	NRJ110156
141	8615502372558	0	0	9	0	0	 0.0	 0.0	 0.0	 0.0	 0.0	 0.0	 0.0	 0.0	 0.0	QVN733078


=====================  错误流水单 50：8615223873233 ====================================
Thu Apr  9 13:37:52 2020
method1(yhw):静态: 60.0 矿圈:24.0000000000 推荐: 84.0 动态: 84.0
method2(lqh):静态:60.0 矿圈:30.0 推荐:60.0 动态: 90.0新矿圈：30.0
理论最大矿圈收益:v1:30.0	v2:45.0	v3:60.0
内部序号	注册名		余额	VIP等级	节点层级	vip累计	总业绩	矿圈1	老袁矿圈	总推荐	老袁推荐	动态	老袁动态	静态	老袁静态	二代推荐	推荐码

详情如下:
--------------------------------------------------------------
Info 50:
总业绩(含自身):24000	24000
下属贡献:20000
下属数量:16
下属编号:	[50, 13, 51, 53, 177, 167, 17, 179, 84, 200, 18, 117, 182, 83, 194, 210]

50	8615223873233	4000	1	7	8000	24000	30.0	24.0	60.0	60.0	90.0	84.0	60.0	60.0	 0.0	HFO628364
13	8618685299922	4000	0	8	0	8000	 0.0	 0.0	30.0	30.0	30.0	30.0	60.0	60.0	 0.0	CQX327622
51	8613925090536	4000	0	9	0	4000	 0.0	 0.0	 0.0	 0.0	 0.0	 0.0	60.0	60.0	 0.0	HGM493796
53	8618818805896	0	0	10	0	0	 0.0	 0.0	 0.0	 0.0	 0.0	 0.0	 0.0	 0.0	 0.0	HNQ461543
177	8613303899611	0	0	10	0	0	 0.0	 0.0	 0.0	 0.0	 0.0	 0.0	 0.0	 0.0	 0.0	VPU200042
167	8618723842188	4000	0	8	0	12000	 0.0	 0.0	30.0	30.0	30.0	30.0	60.0	60.0	 0.0	UNN741411
17	8618716439337	4000	0	9	0	8000	 0.0	 0.0	 0.0	 0.0	 0.0	 0.0	60.0	60.0	 0.0	DDU213990
179	8613888791852	0	0	10	0	4000	 0.0	 0.0	 0.0	 0.0	 0.0	 0.0	 0.0	 0.0	 0.0	WBL803274
84	8618375627455	0	0	11	0	0	 0.0	 0.0	 0.0	 0.0	 0.0	 0.0	 0.0	 0.0	 0.0	KST876448
200	8613368163603	0	0	12	0	0	 0.0	 0.0	 0.0	 0.0	 0.0	 0.0	 0.0	 0.0	 0.0	YHC651845
18	8613388999888	0	0	13	0	0	 0.0	 0.0	 0.0	 0.0	 0.0	 0.0	 0.0	 0.0	 0.0	DHE182051
117	8615555178658	0	0	13	0	0	 0.0	 0.0	 0.0	 0.0	 0.0	 0.0	 0.0	 0.0	 0.0	OKY966915
182	8618166319777	0	0	11	0	4000	 0.0	 0.0	 0.0	 0.0	 0.0	 0.0	 0.0	 0.0	 0.0	WJT845578
83	8615223829113	0	0	12	0	4000	 0.0	 0.0	 0.0	 0.0	 0.0	 0.0	 0.0	 0.0	 0.0	KSL866668
194	8618996123538	4000	0	13	0	4000	 0.0	 0.0	 0.0	 0.0	 0.0	 0.0	60.0	 0.0	 0.0	XWU452568
210	8618368779506	0	0	13	0	0	 0.0	 0.0	 0.0	 0.0	 0.0	 0.0	 0.0	 0.0	 0.0	ZNL577877


=====================  错误流水单 66：8613730607188 ====================================
Thu Apr  9 13:37:52 2020
method1(yhw):静态: 60.0 矿圈:18.3000000000 推荐: 49.8 动态: 49.8
method2(lqh):静态:60.0 矿圈:41.2 推荐:31.5 动态: 72.7新矿圈：41.2
理论最大矿圈收益:v1:228.5	v2:342.75	v3:457.0
内部序号	注册名		余额	VIP等级	节点层级	vip累计	总业绩	矿圈1	老袁矿圈	总推荐	老袁推荐	动态	老袁动态	静态	老袁静态	二代推荐	推荐码

详情如下:
--------------------------------------------------------------
Info 66:
总业绩(含自身):160500	160500
下属贡献:156500
下属数量:131
下属编号:	[66, 80, 100, 136, 174, 12, 21, 105, 99, 101, 129, 8, 94, 190, 148, 126, 143, 196, 27, 37, 59, 63, 207, 112, 55, 70, 89, 153, 163, 184, 201, 151, 79, 193, 173, 168, 121, 38, 35, 108, 73, 150, 154, 115, 69, 122, 212, 205, 188, 157, 166, 211, 132, 29, 118, 134, 216, 61, 102, 48, 197, 128, 199, 96, 160, 42, 67, 162, 140, 137, 120, 149, 76, 34, 39, 7, 81, 4, 203, 214, 97, 138, 133, 198, 185, 28, 139, 206, 58, 171, 88, 2, 65, 85, 9, 178, 187, 87, 46, 106, 127, 90, 16, 24, 30, 47, 6, 91, 93, 98, 104, 107, 144, 145, 170, 191, 164, 208, 213, 75, 158, 125, 147, 113, 165, 95, 183, 5, 186, 204, 43]

66	8613730607188	4000	1	5	56200	160500	41.2	18.3	31.5	31.5	72.7	49.8	60.0	60.0	 0.0	IZY921840
80	8615682027555	0	0	6	0	0	 0.0	 0.0	 0.0	 0.0	 0.0	 0.0	 0.0	 0.0	 0.0	KIZ481215
100	8618190998487	0	0	6	0	23900	 0.0	 0.0	 0.0	 0.0	 0.0	 0.0	 0.0	 0.0	 0.0	MLO262967
136	8617723286362	0	0	7	0	0	 0.0	 0.0	 0.0	 0.0	 0.0	 0.0	 0.0	 0.0	 0.0	PXN627593
174	8613987687833	0	0	7	0	23900	 0.0	 0.0	 0.0	 0.0	 0.0	 0.0	 0.0	 0.0	 0.0	VKB393194
12	8615228905480	0	0	8	0	23900	 0.0	 0.0	 0.0	 0.0	 0.0	 0.0	 0.0	 0.0	 0.0	CPK283124
21	8613628061207	2000	0	9	900	23900	 0.0	 0.0	14.5	14.5	14.5	14.5	26.0	26.0	 0.0	DJU834394
105	8618208196827	4000	1	10	4000	21000	14.0	14.0	60.0	60.0	74.0	74.0	60.0	60.0	 0.0	MZT056331
99	8618981999102	0	0	11	0	0	 0.0	 0.0	 0.0	 0.0	 0.0	 0.0	 0.0	 0.0	 0.0	MHS040805
101	8613908091660	4000	0	11	0	4000	 0.0	 0.0	 0.0	 0.0	 0.0	 0.0	60.0	60.0	 0.0	MRQ403213
129	8613908077773	4000	1	11	5000	13000	13.1	13.1	65.5	65.5	78.6	78.6	60.0	60.0	 0.0	PLX949631
8	8617313119688	1000	0	12	0	1000	 0.0	 0.0	 0.0	 0.0	 0.0	 0.0	11.0	11.0	 0.0	BVL353491
94	8613165775558	0	0	13	0	0	 0.0	 0.0	 0.0	 0.0	 0.0	 0.0	 0.0	 0.0	 0.0	LZV731629
190	8613609255448	0	0	14	0	0	 0.0	 0.0	 0.0	 0.0	 0.0	 0.0	 0.0	 0.0	 0.0	WZS552734
148	8619983156984	4000	0	12	0	4000	 0.0	 0.0	 0.0	 0.0	 0.0	 0.0	60.0	60.0	 0.0	ROQ247624
126	8613896331933	0	0	13	0	0	 0.0	 0.0	 0.0	 0.0	 0.0	 0.0	 0.0	 0.0	 0.0	PGM369846
143	8613408453982	0	0	13	0	0	 0.0	 0.0	 0.0	 0.0	 0.0	 0.0	 0.0	 0.0	 0.0	QZW105699
196	8618113097275	4000	0	12	0	4000	 0.0	 0.0	 0.0	 0.0	 0.0	 0.0	60.0	 0.0	 0.0	YBU222334
27	8618030898800	0	0	13	0	0	 0.0	 0.0	 0.0	 0.0	 0.0	 0.0	 0.0	 0.0	 0.0	DSK687571
37	8617313072887	0	0	14	0	0	 0.0	 0.0	 0.0	 0.0	 0.0	 0.0	 0.0	 0.0	 0.0	FRJ543296
59	8618380343157	0	0	13	0	0	 0.0	 0.0	 0.0	 0.0	 0.0	 0.0	 0.0	 0.0	 0.0	ICX796458
63	8615308017177	0	0	13	0	0	 0.0	 0.0	 0.0	 0.0	 0.0	 0.0	 0.0	 0.0	 0.0	IRZ254913
207	8615102844002	300	0	10	300	900	 0.0	 0.0	 3.0	 3.0	 3.0	 3.0	 3.0	 3.0	 0.0	ZCB612967
112	8615608885772	300	0	11	0	300	 0.0	 0.0	 0.0	 0.0	 0.0	 0.0	 3.0	 3.0	 0.0	NWV637878
55	8618982549929	0	0	12	0	0	 0.0	 0.0	 0.0	 0.0	 0.0	 0.0	 0.0	 0.0	 0.0	HVG427385
70	8613008104208	0	0	12	0	0	 0.0	 0.0	 0.0	 0.0	 0.0	 0.0	 0.0	 0.0	 0.0	JSB357301
89	8613980650960	0	0	12	0	0	 0.0	 0.0	 0.0	 0.0	 0.0	 0.0	 0.0	 0.0	 0.0	LCZ127113
153	8615196605633	0	0	12	0	0	 0.0	 0.0	 0.0	 0.0	 0.0	 0.0	 0.0	 0.0	 0.0	SNK069573
163	8615208277240	0	0	12	0	0	 0.0	 0.0	 0.0	 0.0	 0.0	 0.0	 0.0	 0.0	 0.0	TQP450886
184	8615196631957	0	0	12	0	0	 0.0	 0.0	 0.0	 0.0	 0.0	 0.0	 0.0	 0.0	 0.0	WNK825188
201	8615208271528	0	0	12	0	0	 0.0	 0.0	 0.0	 0.0	 0.0	 0.0	 0.0	 0.0	 0.0	YHQ655614
151	8617761292691	300	0	11	0	300	 0.0	 0.0	 0.0	 0.0	 0.0	 0.0	 3.0	 3.0	 0.0	SFL046454
79	8615208276263	0	0	12	0	0	 0.0	 0.0	 0.0	 0.0	 0.0	 0.0	 0.0	 0.0	 0.0	KBI561950
193	8613516396579	0	0	11	0	0	 0.0	 0.0	 0.0	 0.0	 0.0	 0.0	 0.0	 0.0	 0.0	XQF487757
173	8613926019869	0	0	8	0	0	 0.0	 0.0	 0.0	 0.0	 0.0	 0.0	 0.0	 0.0	 0.0	VIL269526
168	8615340702026	0	0	9	0	0	 0.0	 0.0	 0.0	 0.0	 0.0	 0.0	 0.0	 0.0	 0.0	URD023157
121	8618881873075	0	0	6	0	32000	 0.0	 0.0	 0.0	 0.0	 0.0	 0.0	 0.0	 0.0	 0.0	OTI309606
38	8613140053163	4000	0	7	0	32000	 0.0	 0.0	30.0	30.0	30.0	30.0	60.0	60.0	 0.0	FXV059138
35	8619969583617	0	0	8	0	0	 0.0	 0.0	 0.0	 0.0	 0.0	 0.0	 0.0	 0.0	 0.0	FLZ162719
108	8613354308921	4000	1	8	14000	28000	34.4	21.3	96.6	96.6	131.0	117.9	60.0	60.0	 6.6	NFY139619
73	8618943609121	4000	0	9	0	5000	 0.0	 0.0	 5.5	 5.5	 5.5	 5.5	60.0	60.0	 0.0	JWB920789
150	8618946760921	1000	0	10	0	1000	 0.0	 0.0	 0.0	 0.0	 0.0	 0.0	11.0	11.0	 0.0	RWZ004594
154	8613159520700	4000	0	9	0	10000	 0.0	 0.0	 5.5	 5.5	 5.5	 5.5	60.0	60.0	 0.0	SPB498452
115	8618946594456	1000	0	10	0	6000	 0.0	 0.0	 5.5	 5.5	 5.5	 5.5	11.0	11.0	 0.0	ODI669848
69	8613179130799	1000	0	11	0	5000	 0.0	 0.0	 5.5	 5.5	 5.5	 5.5	11.0	11.0	 0.0	JPJ583879
122	8613331760076	4000	0	12	0	4000	 0.0	 0.0	 0.0	 0.0	 0.0	 0.0	60.0	 0.0	 0.0	OUM705468
212	8618318874997	0	0	12	0	0	 0.0	 0.0	 0.0	 0.0	 0.0	 0.0	 0.0	 0.0	 0.0	ZQD045522
205	8618943627692	4000	0	9	0	9000	 0.0	 0.0	 5.5	 5.5	 5.5	 5.5	60.0	60.0	 0.0	YKO206370
188	8613578876711	1000	0	10	0	5000	 0.0	 0.0	 5.5	 0.0	 5.5	 0.0	11.0	11.0	 0.0	WUY684475
157	8615506013567	4000	0	11	0	4000	 0.0	 0.0	 0.0	 0.0	 0.0	 0.0	60.0	 0.0	 0.0	STJ172221
166	8617549669431	0	0	12	0	0	 0.0	 0.0	 0.0	 0.0	 0.0	 0.0	 0.0	 0.0	 0.0	UCC349096
211	8613738495060	0	0	8	0	0	 0.0	 0.0	 0.0	 0.0	 0.0	 0.0	 0.0	 0.0	 0.0	ZNV599175
132	8615615625309	0	0	6	0	0	 0.0	 0.0	 0.0	 0.0	 0.0	 0.0	 0.0	 0.0	 0.0	PPV644734
29	8618354299492	0	0	7	0	0	 0.0	 0.0	 0.0	 0.0	 0.0	 0.0	 0.0	 0.0	 0.0	DVB845978
118	8615519199999	0	0	8	0	0	 0.0	 0.0	 0.0	 0.0	 0.0	 0.0	 0.0	 0.0	 0.0	OLI516885
134	8615922541777	4000	0	6	0	100300	 0.0	 0.0	30.0	30.0	30.0	30.0	60.0	60.0	 0.0	PTG596411
216	8615771973131	4000	0	7	1300	96300	 0.0	 0.0	66.2	66.2	66.2	66.2	60.0	60.0	29.2	ZZQ075791
61	8618991161130	1000	0	8	0	1000	 0.0	 0.0	 0.0	 0.0	 0.0	 0.0	11.0	11.0	 0.0	IGM921391
102	8615523393777	0	0	8	0	0	 0.0	 0.0	 0.0	 0.0	 0.0	 0.0	 0.0	 0.0	 0.0	MTN705424
48	8613721443992	0	0	9	0	0	 0.0	 0.0	 0.0	 0.0	 0.0	 0.0	 0.0	 0.0	 0.0	GZS044167
197	8617774907550	0	0	9	0	0	 0.0	 0.0	 0.0	 0.0	 0.0	 0.0	 0.0	 0.0	 0.0	YDN805386
128	8613205334598	300	0	8	0	300	 0.0	 0.0	 0.0	 0.0	 0.0	 0.0	 3.0	 3.0	 0.0	PLB514299
199	8618729573406	4000	1	8	16000	91000	33.9	30.0	99.8	99.8	133.7	129.8	60.0	60.0	26.8	YGX847744
96	8618149365022	4000	0	9	0	14000	 0.0	 0.0	 5.5	 5.5	 5.5	 5.5	60.0	60.0	 0.0	MDB114115
160	8618942591687	1000	0	10	0	10000	 0.0	 0.0	 5.5	 5.5	 5.5	 5.5	11.0	11.0	 0.0	TDD824072
42	8618932167565	0	0	11	0	0	 0.0	 0.0	 0.0	 0.0	 0.0	 0.0	 0.0	 0.0	 0.0	GKP662537
67	8615070730678	4000	0	11	0	9000	 0.0	 0.0	30.0	30.0	30.0	30.0	60.0	60.0	 0.0	JCD407107
162	8618710626161	4000	0	12	0	5000	 0.0	 0.0	 0.0	 0.0	 0.0	 0.0	60.0	60.0	 0.0	TNB503947
140	8613606366585	0	0	13	0	1000	 0.0	 0.0	 0.0	 0.0	 0.0	 0.0	 0.0	 0.0	 0.0	QQZ456975
137	8613455660218	1000	0	14	0	1000	 0.0	 0.0	 0.0	 0.0	 0.0	 0.0	11.0	11.0	 0.0	QFS857784
120	8618502948129	2000	0	9	0	2000	 0.0	 0.0	 0.0	 0.0	 0.0	 0.0	26.0	26.0	 0.0	OSD257507
149	8618428132572	4000	1	9	29500	71000	34.1	25.7	97.5	97.5	131.6	123.2	60.0	60.0	36.0	ROS156663
76	8613458615362	4000	1	10	4000	37500	17.6	17.6	60.0	60.0	77.6	77.6	60.0	60.0	 0.0	JXJ028332
34	8613806248096	0	0	11	0	0	 0.0	 0.0	 0.0	 0.0	 0.0	 0.0	 0.0	 0.0	 0.0	FJH579704
39	8619995437059	4000	1	11	12900	29500	37.5	25.5	87.9	87.9	125.4	113.4	60.0	60.0	26.4	GIE371281
7	8613732268550	300	0	12	0	300	 0.0	 0.0	 0.0	 0.0	 0.0	 0.0	 3.0	 3.0	 0.0	BVC270027
81	8615384944135	4000	0	12	600	12600	 0.0	 0.0	45.0	45.0	45.0	45.0	60.0	60.0	12.0	KQJ184239
4	8614754474552	300	0	13	0	300	 0.0	 0.0	 0.0	 0.0	 0.0	 0.0	 3.0	 0.0	 0.0	BSO706454
203	8618464601218	300	0	13	0	300	 0.0	 0.0	 0.0	 0.0	 0.0	 0.0	 3.0	 0.0	 0.0	YIW962413
214	8617895364218	4000	0	13	0	8000	 0.0	 0.0	30.0	 0.0	30.0	 0.0	60.0	 0.0	 0.0	ZVR989883
97	8617896362909	4000	0	14	0	4000	 0.0	 0.0	 0.0	 0.0	 0.0	 0.0	60.0	 0.0	 0.0	MGS048944
138	8618294117991	4000	0	12	600	12600	 0.0	 0.0	45.0	 0.0	45.0	 0.0	60.0	 0.0	12.0	QJZ731356
133	8618372172656	300	0	13	0	300	 0.0	 0.0	 0.0	 0.0	 0.0	 0.0	 3.0	 0.0	 0.0	PPY707589
198	8618690737470	4000	0	13	0	8000	 0.0	 0.0	30.0	 0.0	30.0	 0.0	60.0	 0.0	 0.0	YFC159196
185	8613594429380	4000	0	14	0	4000	 0.0	 0.0	 0.0	 0.0	 0.0	 0.0	60.0	 0.0	 0.0	WOE259525
28	8617895080407	0	0	15	0	0	 0.0	 0.0	 0.0	 0.0	 0.0	 0.0	 0.0	 0.0	 0.0	DSS625130
139	8617612383979	0	0	15	0	0	 0.0	 0.0	 0.0	 0.0	 0.0	 0.0	 0.0	 0.0	 0.0	QOR321736
206	8615854883485	300	0	13	0	300	 0.0	 0.0	 0.0	 0.0	 0.0	 0.0	 3.0	 0.0	 0.0	ZBN092945
58	8615198274672	0	0	11	0	0	 0.0	 0.0	 0.0	 0.0	 0.0	 0.0	 0.0	 0.0	 0.0	ICN581425
171	8618284531187	4000	0	11	0	4000	 0.0	 0.0	 0.0	 0.0	 0.0	 0.0	60.0	60.0	 0.0	VED130862
88	8615361643318	4000	0	10	0	29200	 0.0	 0.0	30.0	30.0	30.0	30.0	60.0	60.0	 0.0	LCP644573
2	8618864286367	4000	0	11	600	25200	 0.0	 0.0	46.2	46.2	46.2	46.2	60.0	60.0	13.2	BJO886097
65	8617896886062	300	0	12	0	300	 0.0	 0.0	 0.0	 0.0	 0.0	 0.0	 3.0	 3.0	 0.0	IWY400491
85	8613723088743	4000	0	12	600	20600	 0.0	 0.0	45.0	45.0	45.0	45.0	60.0	60.0	12.0	KSY376644
9	8614738962743	4000	1	13	4000	16000	 7.8	 7.3	30.0	30.0	37.8	37.3	60.0	60.0	 0.0	BWG925767
178	8613122233850	4000	0	14	0	4000	 0.0	 0.0	 0.0	 0.0	 0.0	 0.0	60.0	60.0	 0.0	VQD105821
187	8613710814552	0	1	14	4000	8000	12.0	 0.0	 0.0	 0.0	12.0	 0.0	 0.0	 0.0	 0.0	WRV037849
87	8613436251181	4000	0	15	0	4000	 0.0	 0.0	 0.0	 0.0	 0.0	 0.0	60.0	 0.0	 0.0	KXS967145
46	8614716984552	0	0	16	0	0	 0.0	 0.0	 0.0	 0.0	 0.0	 0.0	 0.0	 0.0	 0.0	GWH329899
106	8615728413552	0	0	16	0	0	 0.0	 0.0	 0.0	 0.0	 0.0	 0.0	 0.0	 0.0	 0.0	NCM699179
127	8613452991181	0	0	16	0	0	 0.0	 0.0	 0.0	 0.0	 0.0	 0.0	 0.0	 0.0	 0.0	PKL243090
90	8615519066670	0	0	15	0	4000	 0.0	 0.0	 0.0	 0.0	 0.0	 0.0	 0.0	 0.0	 0.0	LEK349171
16	8617816866621	0	0	16	0	0	 0.0	 0.0	 0.0	 0.0	 0.0	 0.0	 0.0	 0.0	 0.0	DBZ448532
24	8618875291181	0	0	16	0	0	 0.0	 0.0	 0.0	 0.0	 0.0	 0.0	 0.0	 0.0	 0.0	DMP056832
30	8619991206625	0	0	16	0	0	 0.0	 0.0	 0.0	 0.0	 0.0	 0.0	 0.0	 0.0	 0.0	EDZ119972
47	8614756801743	0	0	16	0	4000	 0.0	 0.0	 0.0	 0.0	 0.0	 0.0	 0.0	 0.0	 0.0	GXO370909
6	8615851661002	0	0	17	0	0	 0.0	 0.0	 0.0	 0.0	 0.0	 0.0	 0.0	 0.0	 0.0	BTU375678
91	8613423500324	0	0	17	0	0	 0.0	 0.0	 0.0	 0.0	 0.0	 0.0	 0.0	 0.0	 0.0	LKR007211
93	8615890072666	0	0	17	0	0	 0.0	 0.0	 0.0	 0.0	 0.0	 0.0	 0.0	 0.0	 0.0	LRH428360
98	8617265407111	0	0	17	0	0	 0.0	 0.0	 0.0	 0.0	 0.0	 0.0	 0.0	 0.0	 0.0	MGZ308110
104	8615825912765	0	0	17	0	0	 0.0	 0.0	 0.0	 0.0	 0.0	 0.0	 0.0	 0.0	 0.0	MXP255912
107	8615323841938	0	0	17	0	0	 0.0	 0.0	 0.0	 0.0	 0.0	 0.0	 0.0	 0.0	 0.0	NFE296848
144	8613720280787	0	0	17	0	0	 0.0	 0.0	 0.0	 0.0	 0.0	 0.0	 0.0	 0.0	 0.0	RGX070696
145	8618999990902	0	0	17	0	0	 0.0	 0.0	 0.0	 0.0	 0.0	 0.0	 0.0	 0.0	 0.0	RHM684879
170	8617896887190	4000	0	17	0	4000	 0.0	 0.0	 0.0	 0.0	 0.0	 0.0	60.0	60.0	 0.0	VDT446026
191	8615827147472	0	0	17	0	0	 0.0	 0.0	 0.0	 0.0	 0.0	 0.0	 0.0	 0.0	 0.0	XBL033046
164	8618182366225	0	0	16	0	0	 0.0	 0.0	 0.0	 0.0	 0.0	 0.0	 0.0	 0.0	 0.0	TWY594583
208	8613986075537	0	0	16	0	0	 0.0	 0.0	 0.0	 0.0	 0.0	 0.0	 0.0	 0.0	 0.0	ZCR962182
213	8613452671181	0	0	15	0	0	 0.0	 0.0	 0.0	 0.0	 0.0	 0.0	 0.0	 0.0	 0.0	ZTZ727736
75	8614738961230	300	0	13	0	300	 0.0	 0.0	 0.0	 0.0	 0.0	 0.0	 3.0	 3.0	 0.0	JXH632323
158	8615519066690	300	0	13	0	300	 0.0	 0.0	 0.0	 0.0	 0.0	 0.0	 3.0	 3.0	 0.0	TBF443551
125	8617896886082	300	0	12	0	300	 0.0	 0.0	 0.0	 0.0	 0.0	 0.0	 3.0	 3.0	 0.0	OYN815916
147	8618706743156	0	0	11	0	0	 0.0	 0.0	 0.0	 0.0	 0.0	 0.0	 0.0	 0.0	 0.0	RNH645063
113	8618681373866	300	0	10	0	300	 0.0	 0.0	 0.0	 0.0	 0.0	 0.0	 3.0	 3.0	 0.0	NXT447503
165	8618690737490	0	0	10	0	0	 0.0	 0.0	 0.0	 0.0	 0.0	 0.0	 0.0	 0.0	 0.0	TYK547392
95	8617338318880	0	0	11	0	0	 0.0	 0.0	 0.0	 0.0	 0.0	 0.0	 0.0	 0.0	 0.0	LZY662594
183	8615984799998	300	0	6	0	300	 0.0	 0.0	 0.0	 0.0	 0.0	 0.0	 3.0	 3.0	 0.0	WLV742965
5	8618011391262	0	0	7	0	0	 0.0	 0.0	 0.0	 0.0	 0.0	 0.0	 0.0	 0.0	 0.0	BSR456491
186	8615047703409	0	0	6	0	0	 0.0	 0.0	 0.0	 0.0	 0.0	 0.0	 0.0	 0.0	 0.0	WQY904064
204	8615037377093	0	0	6	0	0	 0.0	 0.0	 0.0	 0.0	 0.0	 0.0	 0.0	 0.0	 0.0	YJO198034
43	8613733173002	0	0	7	0	0	 0.0	 0.0	 0.0	 0.0	 0.0	 0.0	 0.0	 0.0	 0.0	GKR884461


=====================  错误流水单 87：8613436251181 ====================================
Thu Apr  9 13:37:52 2020
method1(yhw):静态:  0.0 矿圈:0 推荐:  0.0 动态:  0.0
method2(lqh):静态:60.0 矿圈:0 推荐:0 动态:  0.0新矿圈：0
理论最大矿圈收益:v1:0.0	v2:0.0	v3:0.0
内部序号	注册名		余额	VIP等级	节点层级	vip累计	总业绩	矿圈1	老袁矿圈	总推荐	老袁推荐	动态	老袁动态	静态	老袁静态	二代推荐	推荐码

详情如下:
--------------------------------------------------------------
Info 87:
总业绩(含自身):4000	4000
下属贡献:0
下属数量:4
下属编号:	[87, 46, 106, 127]

87	8613436251181	4000	0	15	0	4000	 0.0	 0.0	 0.0	 0.0	 0.0	 0.0	60.0	 0.0	 0.0	KXS967145
46	8614716984552	0	0	16	0	0	 0.0	 0.0	 0.0	 0.0	 0.0	 0.0	 0.0	 0.0	 0.0	GWH329899
106	8615728413552	0	0	16	0	0	 0.0	 0.0	 0.0	 0.0	 0.0	 0.0	 0.0	 0.0	 0.0	NCM699179
127	8613452991181	0	0	16	0	0	 0.0	 0.0	 0.0	 0.0	 0.0	 0.0	 0.0	 0.0	 0.0	PKL243090


=====================  错误流水单 97：8617896362909 ====================================
Thu Apr  9 13:37:52 2020
method1(yhw):静态:  0.0 矿圈:0 推荐:  0.0 动态:  0.0
method2(lqh):静态:60.0 矿圈:0 推荐:0 动态:  0.0新矿圈：0
理论最大矿圈收益:v1:0.0	v2:0.0	v3:0.0
内部序号	注册名		余额	VIP等级	节点层级	vip累计	总业绩	矿圈1	老袁矿圈	总推荐	老袁推荐	动态	老袁动态	静态	老袁静态	二代推荐	推荐码

详情如下:
--------------------------------------------------------------
Info 97:
总业绩(含自身):4000	4000
下属贡献:0
下属数量:1
下属编号:	[97]

97	8617896362909	4000	0	14	0	4000	 0.0	 0.0	 0.0	 0.0	 0.0	 0.0	60.0	 0.0	 0.0	MGS048944


=====================  错误流水单 108：8613354308921 ====================================
Thu Apr  9 13:37:52 2020
method1(yhw):静态: 60.0 矿圈:21.3000000000 推荐:117.9 动态:117.9
method2(lqh):静态:60.0 矿圈:34.400000000000006 推荐:96.6 动态:131.0新矿圈：34.4
理论最大矿圈收益:v1:34.4	v2:51.6	v3:68.8
内部序号	注册名		余额	VIP等级	节点层级	vip累计	总业绩	矿圈1	老袁矿圈	总推荐	老袁推荐	动态	老袁动态	静态	老袁静态	二代推荐	推荐码

详情如下:
--------------------------------------------------------------
Info 108:
总业绩(含自身):28000	28000
下属贡献:24000
下属数量:12
下属编号:	[108, 73, 150, 154, 115, 69, 122, 212, 205, 188, 157, 166]

108	8613354308921	4000	1	8	14000	28000	34.4	21.3	96.6	96.6	131.0	117.9	60.0	60.0	 6.6	NFY139619
73	8618943609121	4000	0	9	0	5000	 0.0	 0.0	 5.5	 5.5	 5.5	 5.5	60.0	60.0	 0.0	JWB920789
150	8618946760921	1000	0	10	0	1000	 0.0	 0.0	 0.0	 0.0	 0.0	 0.0	11.0	11.0	 0.0	RWZ004594
154	8613159520700	4000	0	9	0	10000	 0.0	 0.0	 5.5	 5.5	 5.5	 5.5	60.0	60.0	 0.0	SPB498452
115	8618946594456	1000	0	10	0	6000	 0.0	 0.0	 5.5	 5.5	 5.5	 5.5	11.0	11.0	 0.0	ODI669848
69	8613179130799	1000	0	11	0	5000	 0.0	 0.0	 5.5	 5.5	 5.5	 5.5	11.0	11.0	 0.0	JPJ583879
122	8613331760076	4000	0	12	0	4000	 0.0	 0.0	 0.0	 0.0	 0.0	 0.0	60.0	 0.0	 0.0	OUM705468
212	8618318874997	0	0	12	0	0	 0.0	 0.0	 0.0	 0.0	 0.0	 0.0	 0.0	 0.0	 0.0	ZQD045522
205	8618943627692	4000	0	9	0	9000	 0.0	 0.0	 5.5	 5.5	 5.5	 5.5	60.0	60.0	 0.0	YKO206370
188	8613578876711	1000	0	10	0	5000	 0.0	 0.0	 5.5	 0.0	 5.5	 0.0	11.0	11.0	 0.0	WUY684475
157	8615506013567	4000	0	11	0	4000	 0.0	 0.0	 0.0	 0.0	 0.0	 0.0	60.0	 0.0	 0.0	STJ172221
166	8617549669431	0	0	12	0	0	 0.0	 0.0	 0.0	 0.0	 0.0	 0.0	 0.0	 0.0	 0.0	UCC349096


=====================  错误流水单 122：8613331760076 ====================================
Thu Apr  9 13:37:52 2020
method1(yhw):静态:  0.0 矿圈:0 推荐:  0.0 动态:  0.0
method2(lqh):静态:60.0 矿圈:0 推荐:0 动态:  0.0新矿圈：0
理论最大矿圈收益:v1:0.0	v2:0.0	v3:0.0
内部序号	注册名		余额	VIP等级	节点层级	vip累计	总业绩	矿圈1	老袁矿圈	总推荐	老袁推荐	动态	老袁动态	静态	老袁静态	二代推荐	推荐码

详情如下:
--------------------------------------------------------------
Info 122:
总业绩(含自身):4000	4000
下属贡献:0
下属数量:1
下属编号:	[122]

122	8613331760076	4000	0	12	0	4000	 0.0	 0.0	 0.0	 0.0	 0.0	 0.0	60.0	 0.0	 0.0	OUM705468


=====================  错误流水单 133：8618372172656 ====================================
Thu Apr  9 13:37:52 2020
method1(yhw):静态:  0.0 矿圈:0 推荐:  0.0 动态:  0.0
method2(lqh):静态:3.0 矿圈:0 推荐:0 动态:  0.0新矿圈：0
理论最大矿圈收益:v1:0.0	v2:0.0	v3:0.0
内部序号	注册名		余额	VIP等级	节点层级	vip累计	总业绩	矿圈1	老袁矿圈	总推荐	老袁推荐	动态	老袁动态	静态	老袁静态	二代推荐	推荐码

详情如下:
--------------------------------------------------------------
Info 133:
总业绩(含自身):300	300
下属贡献:0
下属数量:1
下属编号:	[133]

133	8618372172656	300	0	13	0	300	 0.0	 0.0	 0.0	 0.0	 0.0	 0.0	 3.0	 0.0	 0.0	PPY707589


=====================  错误流水单 138：8618294117991 ====================================
Thu Apr  9 13:37:52 2020
method1(yhw):静态:  0.0 矿圈:0 推荐:  0.0 动态:  0.0
method2(lqh):静态:60.0 矿圈:0 推荐:45.0 动态: 45.0新矿圈：0
理论最大矿圈收益:v1:12.600000000000001	v2:18.9	v3:25.200000000000003
内部序号	注册名		余额	VIP等级	节点层级	vip累计	总业绩	矿圈1	老袁矿圈	总推荐	老袁推荐	动态	老袁动态	静态	老袁静态	二代推荐	推荐码

详情如下:
--------------------------------------------------------------
Info 138:
总业绩(含自身):12600	12600
下属贡献:8600
下属数量:7
下属编号:	[138, 133, 198, 185, 28, 139, 206]

138	8618294117991	4000	0	12	600	12600	 0.0	 0.0	45.0	 0.0	45.0	 0.0	60.0	 0.0	12.0	QJZ731356
133	8618372172656	300	0	13	0	300	 0.0	 0.0	 0.0	 0.0	 0.0	 0.0	 3.0	 0.0	 0.0	PPY707589
198	8618690737470	4000	0	13	0	8000	 0.0	 0.0	30.0	 0.0	30.0	 0.0	60.0	 0.0	 0.0	YFC159196
185	8613594429380	4000	0	14	0	4000	 0.0	 0.0	 0.0	 0.0	 0.0	 0.0	60.0	 0.0	 0.0	WOE259525
28	8617895080407	0	0	15	0	0	 0.0	 0.0	 0.0	 0.0	 0.0	 0.0	 0.0	 0.0	 0.0	DSS625130
139	8617612383979	0	0	15	0	0	 0.0	 0.0	 0.0	 0.0	 0.0	 0.0	 0.0	 0.0	 0.0	QOR321736
206	8615854883485	300	0	13	0	300	 0.0	 0.0	 0.0	 0.0	 0.0	 0.0	 3.0	 0.0	 0.0	ZBN092945


=====================  错误流水单 149：8618428132572 ====================================
Thu Apr  9 13:37:52 2020
method1(yhw):静态: 60.0 矿圈:25.7250000000 推荐:123.2 动态:123.2
method2(lqh):静态:60.0 矿圈:34.14375 推荐:97.5 动态:131.6新矿圈：34.143750000000004
理论最大矿圈收益:v1:99.0	v2:148.5	v3:198.0
内部序号	注册名		余额	VIP等级	节点层级	vip累计	总业绩	矿圈1	老袁矿圈	总推荐	老袁推荐	动态	老袁动态	静态	老袁静态	二代推荐	推荐码

详情如下:
--------------------------------------------------------------
Info 149:
总业绩(含自身):71000	71000
下属贡献:67000
下属数量:55
下属编号:	[149, 76, 34, 39, 7, 81, 4, 203, 214, 97, 138, 133, 198, 185, 28, 139, 206, 58, 171, 88, 2, 65, 85, 9, 178, 187, 87, 46, 106, 127, 90, 16, 24, 30, 47, 6, 91, 93, 98, 104, 107, 144, 145, 170, 191, 164, 208, 213, 75, 158, 125, 147, 113, 165, 95]

149	8618428132572	4000	1	9	29500	71000	34.1	25.7	97.5	97.5	131.6	123.2	60.0	60.0	36.0	ROS156663
76	8613458615362	4000	1	10	4000	37500	17.6	17.6	60.0	60.0	77.6	77.6	60.0	60.0	 0.0	JXJ028332
34	8613806248096	0	0	11	0	0	 0.0	 0.0	 0.0	 0.0	 0.0	 0.0	 0.0	 0.0	 0.0	FJH579704
39	8619995437059	4000	1	11	12900	29500	37.5	25.5	87.9	87.9	125.4	113.4	60.0	60.0	26.4	GIE371281
7	8613732268550	300	0	12	0	300	 0.0	 0.0	 0.0	 0.0	 0.0	 0.0	 3.0	 3.0	 0.0	BVC270027
81	8615384944135	4000	0	12	600	12600	 0.0	 0.0	45.0	45.0	45.0	45.0	60.0	60.0	12.0	KQJ184239
4	8614754474552	300	0	13	0	300	 0.0	 0.0	 0.0	 0.0	 0.0	 0.0	 3.0	 0.0	 0.0	BSO706454
203	8618464601218	300	0	13	0	300	 0.0	 0.0	 0.0	 0.0	 0.0	 0.0	 3.0	 0.0	 0.0	YIW962413
214	8617895364218	4000	0	13	0	8000	 0.0	 0.0	30.0	 0.0	30.0	 0.0	60.0	 0.0	 0.0	ZVR989883
97	8617896362909	4000	0	14	0	4000	 0.0	 0.0	 0.0	 0.0	 0.0	 0.0	60.0	 0.0	 0.0	MGS048944
138	8618294117991	4000	0	12	600	12600	 0.0	 0.0	45.0	 0.0	45.0	 0.0	60.0	 0.0	12.0	QJZ731356
133	8618372172656	300	0	13	0	300	 0.0	 0.0	 0.0	 0.0	 0.0	 0.0	 3.0	 0.0	 0.0	PPY707589
198	8618690737470	4000	0	13	0	8000	 0.0	 0.0	30.0	 0.0	30.0	 0.0	60.0	 0.0	 0.0	YFC159196
185	8613594429380	4000	0	14	0	4000	 0.0	 0.0	 0.0	 0.0	 0.0	 0.0	60.0	 0.0	 0.0	WOE259525
28	8617895080407	0	0	15	0	0	 0.0	 0.0	 0.0	 0.0	 0.0	 0.0	 0.0	 0.0	 0.0	DSS625130
139	8617612383979	0	0	15	0	0	 0.0	 0.0	 0.0	 0.0	 0.0	 0.0	 0.0	 0.0	 0.0	QOR321736
206	8615854883485	300	0	13	0	300	 0.0	 0.0	 0.0	 0.0	 0.0	 0.0	 3.0	 0.0	 0.0	ZBN092945
58	8615198274672	0	0	11	0	0	 0.0	 0.0	 0.0	 0.0	 0.0	 0.0	 0.0	 0.0	 0.0	ICN581425
171	8618284531187	4000	0	11	0	4000	 0.0	 0.0	 0.0	 0.0	 0.0	 0.0	60.0	60.0	 0.0	VED130862
88	8615361643318	4000	0	10	0	29200	 0.0	 0.0	30.0	30.0	30.0	30.0	60.0	60.0	 0.0	LCP644573
2	8618864286367	4000	0	11	600	25200	 0.0	 0.0	46.2	46.2	46.2	46.2	60.0	60.0	13.2	BJO886097
65	8617896886062	300	0	12	0	300	 0.0	 0.0	 0.0	 0.0	 0.0	 0.0	 3.0	 3.0	 0.0	IWY400491
85	8613723088743	4000	0	12	600	20600	 0.0	 0.0	45.0	45.0	45.0	45.0	60.0	60.0	12.0	KSY376644
9	8614738962743	4000	1	13	4000	16000	 7.8	 7.3	30.0	30.0	37.8	37.3	60.0	60.0	 0.0	BWG925767
178	8613122233850	4000	0	14	0	4000	 0.0	 0.0	 0.0	 0.0	 0.0	 0.0	60.0	60.0	 0.0	VQD105821
187	8613710814552	0	1	14	4000	8000	12.0	 0.0	 0.0	 0.0	12.0	 0.0	 0.0	 0.0	 0.0	WRV037849
87	8613436251181	4000	0	15	0	4000	 0.0	 0.0	 0.0	 0.0	 0.0	 0.0	60.0	 0.0	 0.0	KXS967145
46	8614716984552	0	0	16	0	0	 0.0	 0.0	 0.0	 0.0	 0.0	 0.0	 0.0	 0.0	 0.0	GWH329899
106	8615728413552	0	0	16	0	0	 0.0	 0.0	 0.0	 0.0	 0.0	 0.0	 0.0	 0.0	 0.0	NCM699179
127	8613452991181	0	0	16	0	0	 0.0	 0.0	 0.0	 0.0	 0.0	 0.0	 0.0	 0.0	 0.0	PKL243090
90	8615519066670	0	0	15	0	4000	 0.0	 0.0	 0.0	 0.0	 0.0	 0.0	 0.0	 0.0	 0.0	LEK349171
16	8617816866621	0	0	16	0	0	 0.0	 0.0	 0.0	 0.0	 0.0	 0.0	 0.0	 0.0	 0.0	DBZ448532
24	8618875291181	0	0	16	0	0	 0.0	 0.0	 0.0	 0.0	 0.0	 0.0	 0.0	 0.0	 0.0	DMP056832
30	8619991206625	0	0	16	0	0	 0.0	 0.0	 0.0	 0.0	 0.0	 0.0	 0.0	 0.0	 0.0	EDZ119972
47	8614756801743	0	0	16	0	4000	 0.0	 0.0	 0.0	 0.0	 0.0	 0.0	 0.0	 0.0	 0.0	GXO370909
6	8615851661002	0	0	17	0	0	 0.0	 0.0	 0.0	 0.0	 0.0	 0.0	 0.0	 0.0	 0.0	BTU375678
91	8613423500324	0	0	17	0	0	 0.0	 0.0	 0.0	 0.0	 0.0	 0.0	 0.0	 0.0	 0.0	LKR007211
93	8615890072666	0	0	17	0	0	 0.0	 0.0	 0.0	 0.0	 0.0	 0.0	 0.0	 0.0	 0.0	LRH428360
98	8617265407111	0	0	17	0	0	 0.0	 0.0	 0.0	 0.0	 0.0	 0.0	 0.0	 0.0	 0.0	MGZ308110
104	8615825912765	0	0	17	0	0	 0.0	 0.0	 0.0	 0.0	 0.0	 0.0	 0.0	 0.0	 0.0	MXP255912
107	8615323841938	0	0	17	0	0	 0.0	 0.0	 0.0	 0.0	 0.0	 0.0	 0.0	 0.0	 0.0	NFE296848
144	8613720280787	0	0	17	0	0	 0.0	 0.0	 0.0	 0.0	 0.0	 0.0	 0.0	 0.0	 0.0	RGX070696
145	8618999990902	0	0	17	0	0	 0.0	 0.0	 0.0	 0.0	 0.0	 0.0	 0.0	 0.0	 0.0	RHM684879
170	8617896887190	4000	0	17	0	4000	 0.0	 0.0	 0.0	 0.0	 0.0	 0.0	60.0	60.0	 0.0	VDT446026
191	8615827147472	0	0	17	0	0	 0.0	 0.0	 0.0	 0.0	 0.0	 0.0	 0.0	 0.0	 0.0	XBL033046
164	8618182366225	0	0	16	0	0	 0.0	 0.0	 0.0	 0.0	 0.0	 0.0	 0.0	 0.0	 0.0	TWY594583
208	8613986075537	0	0	16	0	0	 0.0	 0.0	 0.0	 0.0	 0.0	 0.0	 0.0	 0.0	 0.0	ZCR962182
213	8613452671181	0	0	15	0	0	 0.0	 0.0	 0.0	 0.0	 0.0	 0.0	 0.0	 0.0	 0.0	ZTZ727736
75	8614738961230	300	0	13	0	300	 0.0	 0.0	 0.0	 0.0	 0.0	 0.0	 3.0	 3.0	 0.0	JXH632323
158	8615519066690	300	0	13	0	300	 0.0	 0.0	 0.0	 0.0	 0.0	 0.0	 3.0	 3.0	 0.0	TBF443551
125	8617896886082	300	0	12	0	300	 0.0	 0.0	 0.0	 0.0	 0.0	 0.0	 3.0	 3.0	 0.0	OYN815916
147	8618706743156	0	0	11	0	0	 0.0	 0.0	 0.0	 0.0	 0.0	 0.0	 0.0	 0.0	 0.0	RNH645063
113	8618681373866	300	0	10	0	300	 0.0	 0.0	 0.0	 0.0	 0.0	 0.0	 3.0	 3.0	 0.0	NXT447503
165	8618690737490	0	0	10	0	0	 0.0	 0.0	 0.0	 0.0	 0.0	 0.0	 0.0	 0.0	 0.0	TYK547392
95	8617338318880	0	0	11	0	0	 0.0	 0.0	 0.0	 0.0	 0.0	 0.0	 0.0	 0.0	 0.0	LZY662594


=====================  错误流水单 157：8615506013567 ====================================
Thu Apr  9 13:37:52 2020
method1(yhw):静态:  0.0 矿圈:0 推荐:  0.0 动态:  0.0
method2(lqh):静态:60.0 矿圈:0 推荐:0 动态:  0.0新矿圈：0
理论最大矿圈收益:v1:0.0	v2:0.0	v3:0.0
内部序号	注册名		余额	VIP等级	节点层级	vip累计	总业绩	矿圈1	老袁矿圈	总推荐	老袁推荐	动态	老袁动态	静态	老袁静态	二代推荐	推荐码

详情如下:
--------------------------------------------------------------
Info 157:
总业绩(含自身):4000	4000
下属贡献:0
下属数量:2
下属编号:	[157, 166]

157	8615506013567	4000	0	11	0	4000	 0.0	 0.0	 0.0	 0.0	 0.0	 0.0	60.0	 0.0	 0.0	STJ172221
166	8617549669431	0	0	12	0	0	 0.0	 0.0	 0.0	 0.0	 0.0	 0.0	 0.0	 0.0	 0.0	UCC349096


=====================  错误流水单 175：8613389670970 ====================================
Thu Apr  9 13:37:52 2020
method1(yhw):静态: 60.0 矿圈:38.8650000000 推荐: 68.9 动态: 68.9
method2(lqh):静态:60.0 矿圈:18.18 推荐:30.0 动态: 48.2新矿圈：18.18
理论最大矿圈收益:v1:270.5	v2:405.75	v3:541.0
内部序号	注册名		余额	VIP等级	节点层级	vip累计	总业绩	矿圈1	老袁矿圈	总推荐	老袁推荐	动态	老袁动态	静态	老袁静态	二代推荐	推荐码

详情如下:
--------------------------------------------------------------
Info 175:
总业绩(含自身):188500	188500
下属贡献:184500
下属数量:177
下属编号:	[175, 66, 80, 100, 136, 174, 12, 21, 105, 99, 101, 129, 8, 94, 190, 148, 126, 143, 196, 27, 37, 59, 63, 207, 112, 55, 70, 89, 153, 163, 184, 201, 151, 79, 193, 173, 168, 121, 38, 35, 108, 73, 150, 154, 115, 69, 122, 212, 205, 188, 157, 166, 211, 132, 29, 118, 134, 216, 61, 102, 48, 197, 128, 199, 96, 160, 42, 67, 162, 140, 137, 120, 149, 76, 34, 39, 7, 81, 4, 203, 214, 97, 138, 133, 198, 185, 28, 139, 206, 58, 171, 88, 2, 65, 85, 9, 178, 187, 87, 46, 106, 127, 90, 16, 24, 30, 47, 6, 91, 93, 98, 104, 107, 144, 145, 170, 191, 164, 208, 213, 75, 158, 125, 147, 113, 165, 95, 183, 5, 186, 204, 43, 209, 33, 50, 13, 51, 53, 177, 167, 17, 179, 84, 200, 18, 117, 182, 83, 194, 210, 77, 142, 11, 15, 192, 19, 22, 159, 20, 36, 41, 60, 26, 71, 215, 54, 23, 44, 124, 146, 14, 3, 31, 56, 82, 110, 141]

175	8613389670970	4000	1	4	24000	188500	18.2	38.9	30.0	30.0	48.2	68.9	60.0	60.0	 0.0	VKP340587
66	8613730607188	4000	1	5	56200	160500	41.2	18.3	31.5	31.5	72.7	49.8	60.0	60.0	 0.0	IZY921840
80	8615682027555	0	0	6	0	0	 0.0	 0.0	 0.0	 0.0	 0.0	 0.0	 0.0	 0.0	 0.0	KIZ481215
100	8618190998487	0	0	6	0	23900	 0.0	 0.0	 0.0	 0.0	 0.0	 0.0	 0.0	 0.0	 0.0	MLO262967
136	8617723286362	0	0	7	0	0	 0.0	 0.0	 0.0	 0.0	 0.0	 0.0	 0.0	 0.0	 0.0	PXN627593
174	8613987687833	0	0	7	0	23900	 0.0	 0.0	 0.0	 0.0	 0.0	 0.0	 0.0	 0.0	 0.0	VKB393194
12	8615228905480	0	0	8	0	23900	 0.0	 0.0	 0.0	 0.0	 0.0	 0.0	 0.0	 0.0	 0.0	CPK283124
21	8613628061207	2000	0	9	900	23900	 0.0	 0.0	14.5	14.5	14.5	14.5	26.0	26.0	 0.0	DJU834394
105	8618208196827	4000	1	10	4000	21000	14.0	14.0	60.0	60.0	74.0	74.0	60.0	60.0	 0.0	MZT056331
99	8618981999102	0	0	11	0	0	 0.0	 0.0	 0.0	 0.0	 0.0	 0.0	 0.0	 0.0	 0.0	MHS040805
101	8613908091660	4000	0	11	0	4000	 0.0	 0.0	 0.0	 0.0	 0.0	 0.0	60.0	60.0	 0.0	MRQ403213
129	8613908077773	4000	1	11	5000	13000	13.1	13.1	65.5	65.5	78.6	78.6	60.0	60.0	 0.0	PLX949631
8	8617313119688	1000	0	12	0	1000	 0.0	 0.0	 0.0	 0.0	 0.0	 0.0	11.0	11.0	 0.0	BVL353491
94	8613165775558	0	0	13	0	0	 0.0	 0.0	 0.0	 0.0	 0.0	 0.0	 0.0	 0.0	 0.0	LZV731629
190	8613609255448	0	0	14	0	0	 0.0	 0.0	 0.0	 0.0	 0.0	 0.0	 0.0	 0.0	 0.0	WZS552734
148	8619983156984	4000	0	12	0	4000	 0.0	 0.0	 0.0	 0.0	 0.0	 0.0	60.0	60.0	 0.0	ROQ247624
126	8613896331933	0	0	13	0	0	 0.0	 0.0	 0.0	 0.0	 0.0	 0.0	 0.0	 0.0	 0.0	PGM369846
143	8613408453982	0	0	13	0	0	 0.0	 0.0	 0.0	 0.0	 0.0	 0.0	 0.0	 0.0	 0.0	QZW105699
196	8618113097275	4000	0	12	0	4000	 0.0	 0.0	 0.0	 0.0	 0.0	 0.0	60.0	 0.0	 0.0	YBU222334
27	8618030898800	0	0	13	0	0	 0.0	 0.0	 0.0	 0.0	 0.0	 0.0	 0.0	 0.0	 0.0	DSK687571
37	8617313072887	0	0	14	0	0	 0.0	 0.0	 0.0	 0.0	 0.0	 0.0	 0.0	 0.0	 0.0	FRJ543296
59	8618380343157	0	0	13	0	0	 0.0	 0.0	 0.0	 0.0	 0.0	 0.0	 0.0	 0.0	 0.0	ICX796458
63	8615308017177	0	0	13	0	0	 0.0	 0.0	 0.0	 0.0	 0.0	 0.0	 0.0	 0.0	 0.0	IRZ254913
207	8615102844002	300	0	10	300	900	 0.0	 0.0	 3.0	 3.0	 3.0	 3.0	 3.0	 3.0	 0.0	ZCB612967
112	8615608885772	300	0	11	0	300	 0.0	 0.0	 0.0	 0.0	 0.0	 0.0	 3.0	 3.0	 0.0	NWV637878
55	8618982549929	0	0	12	0	0	 0.0	 0.0	 0.0	 0.0	 0.0	 0.0	 0.0	 0.0	 0.0	HVG427385
70	8613008104208	0	0	12	0	0	 0.0	 0.0	 0.0	 0.0	 0.0	 0.0	 0.0	 0.0	 0.0	JSB357301
89	8613980650960	0	0	12	0	0	 0.0	 0.0	 0.0	 0.0	 0.0	 0.0	 0.0	 0.0	 0.0	LCZ127113
153	8615196605633	0	0	12	0	0	 0.0	 0.0	 0.0	 0.0	 0.0	 0.0	 0.0	 0.0	 0.0	SNK069573
163	8615208277240	0	0	12	0	0	 0.0	 0.0	 0.0	 0.0	 0.0	 0.0	 0.0	 0.0	 0.0	TQP450886
184	8615196631957	0	0	12	0	0	 0.0	 0.0	 0.0	 0.0	 0.0	 0.0	 0.0	 0.0	 0.0	WNK825188
201	8615208271528	0	0	12	0	0	 0.0	 0.0	 0.0	 0.0	 0.0	 0.0	 0.0	 0.0	 0.0	YHQ655614
151	8617761292691	300	0	11	0	300	 0.0	 0.0	 0.0	 0.0	 0.0	 0.0	 3.0	 3.0	 0.0	SFL046454
79	8615208276263	0	0	12	0	0	 0.0	 0.0	 0.0	 0.0	 0.0	 0.0	 0.0	 0.0	 0.0	KBI561950
193	8613516396579	0	0	11	0	0	 0.0	 0.0	 0.0	 0.0	 0.0	 0.0	 0.0	 0.0	 0.0	XQF487757
173	8613926019869	0	0	8	0	0	 0.0	 0.0	 0.0	 0.0	 0.0	 0.0	 0.0	 0.0	 0.0	VIL269526
168	8615340702026	0	0	9	0	0	 0.0	 0.0	 0.0	 0.0	 0.0	 0.0	 0.0	 0.0	 0.0	URD023157
121	8618881873075	0	0	6	0	32000	 0.0	 0.0	 0.0	 0.0	 0.0	 0.0	 0.0	 0.0	 0.0	OTI309606
38	8613140053163	4000	0	7	0	32000	 0.0	 0.0	30.0	30.0	30.0	30.0	60.0	60.0	 0.0	FXV059138
35	8619969583617	0	0	8	0	0	 0.0	 0.0	 0.0	 0.0	 0.0	 0.0	 0.0	 0.0	 0.0	FLZ162719
108	8613354308921	4000	1	8	14000	28000	34.4	21.3	96.6	96.6	131.0	117.9	60.0	60.0	 6.6	NFY139619
73	8618943609121	4000	0	9	0	5000	 0.0	 0.0	 5.5	 5.5	 5.5	 5.5	60.0	60.0	 0.0	JWB920789
150	8618946760921	1000	0	10	0	1000	 0.0	 0.0	 0.0	 0.0	 0.0	 0.0	11.0	11.0	 0.0	RWZ004594
154	8613159520700	4000	0	9	0	10000	 0.0	 0.0	 5.5	 5.5	 5.5	 5.5	60.0	60.0	 0.0	SPB498452
115	8618946594456	1000	0	10	0	6000	 0.0	 0.0	 5.5	 5.5	 5.5	 5.5	11.0	11.0	 0.0	ODI669848
69	8613179130799	1000	0	11	0	5000	 0.0	 0.0	 5.5	 5.5	 5.5	 5.5	11.0	11.0	 0.0	JPJ583879
122	8613331760076	4000	0	12	0	4000	 0.0	 0.0	 0.0	 0.0	 0.0	 0.0	60.0	 0.0	 0.0	OUM705468
212	8618318874997	0	0	12	0	0	 0.0	 0.0	 0.0	 0.0	 0.0	 0.0	 0.0	 0.0	 0.0	ZQD045522
205	8618943627692	4000	0	9	0	9000	 0.0	 0.0	 5.5	 5.5	 5.5	 5.5	60.0	60.0	 0.0	YKO206370
188	8613578876711	1000	0	10	0	5000	 0.0	 0.0	 5.5	 0.0	 5.5	 0.0	11.0	11.0	 0.0	WUY684475
157	8615506013567	4000	0	11	0	4000	 0.0	 0.0	 0.0	 0.0	 0.0	 0.0	60.0	 0.0	 0.0	STJ172221
166	8617549669431	0	0	12	0	0	 0.0	 0.0	 0.0	 0.0	 0.0	 0.0	 0.0	 0.0	 0.0	UCC349096
211	8613738495060	0	0	8	0	0	 0.0	 0.0	 0.0	 0.0	 0.0	 0.0	 0.0	 0.0	 0.0	ZNV599175
132	8615615625309	0	0	6	0	0	 0.0	 0.0	 0.0	 0.0	 0.0	 0.0	 0.0	 0.0	 0.0	PPV644734
29	8618354299492	0	0	7	0	0	 0.0	 0.0	 0.0	 0.0	 0.0	 0.0	 0.0	 0.0	 0.0	DVB845978
118	8615519199999	0	0	8	0	0	 0.0	 0.0	 0.0	 0.0	 0.0	 0.0	 0.0	 0.0	 0.0	OLI516885
134	8615922541777	4000	0	6	0	100300	 0.0	 0.0	30.0	30.0	30.0	30.0	60.0	60.0	 0.0	PTG596411
216	8615771973131	4000	0	7	1300	96300	 0.0	 0.0	66.2	66.2	66.2	66.2	60.0	60.0	29.2	ZZQ075791
61	8618991161130	1000	0	8	0	1000	 0.0	 0.0	 0.0	 0.0	 0.0	 0.0	11.0	11.0	 0.0	IGM921391
102	8615523393777	0	0	8	0	0	 0.0	 0.0	 0.0	 0.0	 0.0	 0.0	 0.0	 0.0	 0.0	MTN705424
48	8613721443992	0	0	9	0	0	 0.0	 0.0	 0.0	 0.0	 0.0	 0.0	 0.0	 0.0	 0.0	GZS044167
197	8617774907550	0	0	9	0	0	 0.0	 0.0	 0.0	 0.0	 0.0	 0.0	 0.0	 0.0	 0.0	YDN805386
128	8613205334598	300	0	8	0	300	 0.0	 0.0	 0.0	 0.0	 0.0	 0.0	 3.0	 3.0	 0.0	PLB514299
199	8618729573406	4000	1	8	16000	91000	33.9	30.0	99.8	99.8	133.7	129.8	60.0	60.0	26.8	YGX847744
96	8618149365022	4000	0	9	0	14000	 0.0	 0.0	 5.5	 5.5	 5.5	 5.5	60.0	60.0	 0.0	MDB114115
160	8618942591687	1000	0	10	0	10000	 0.0	 0.0	 5.5	 5.5	 5.5	 5.5	11.0	11.0	 0.0	TDD824072
42	8618932167565	0	0	11	0	0	 0.0	 0.0	 0.0	 0.0	 0.0	 0.0	 0.0	 0.0	 0.0	GKP662537
67	8615070730678	4000	0	11	0	9000	 0.0	 0.0	30.0	30.0	30.0	30.0	60.0	60.0	 0.0	JCD407107
162	8618710626161	4000	0	12	0	5000	 0.0	 0.0	 0.0	 0.0	 0.0	 0.0	60.0	60.0	 0.0	TNB503947
140	8613606366585	0	0	13	0	1000	 0.0	 0.0	 0.0	 0.0	 0.0	 0.0	 0.0	 0.0	 0.0	QQZ456975
137	8613455660218	1000	0	14	0	1000	 0.0	 0.0	 0.0	 0.0	 0.0	 0.0	11.0	11.0	 0.0	QFS857784
120	8618502948129	2000	0	9	0	2000	 0.0	 0.0	 0.0	 0.0	 0.0	 0.0	26.0	26.0	 0.0	OSD257507
149	8618428132572	4000	1	9	29500	71000	34.1	25.7	97.5	97.5	131.6	123.2	60.0	60.0	36.0	ROS156663
76	8613458615362	4000	1	10	4000	37500	17.6	17.6	60.0	60.0	77.6	77.6	60.0	60.0	 0.0	JXJ028332
34	8613806248096	0	0	11	0	0	 0.0	 0.0	 0.0	 0.0	 0.0	 0.0	 0.0	 0.0	 0.0	FJH579704
39	8619995437059	4000	1	11	12900	29500	37.5	25.5	87.9	87.9	125.4	113.4	60.0	60.0	26.4	GIE371281
7	8613732268550	300	0	12	0	300	 0.0	 0.0	 0.0	 0.0	 0.0	 0.0	 3.0	 3.0	 0.0	BVC270027
81	8615384944135	4000	0	12	600	12600	 0.0	 0.0	45.0	45.0	45.0	45.0	60.0	60.0	12.0	KQJ184239
4	8614754474552	300	0	13	0	300	 0.0	 0.0	 0.0	 0.0	 0.0	 0.0	 3.0	 0.0	 0.0	BSO706454
203	8618464601218	300	0	13	0	300	 0.0	 0.0	 0.0	 0.0	 0.0	 0.0	 3.0	 0.0	 0.0	YIW962413
214	8617895364218	4000	0	13	0	8000	 0.0	 0.0	30.0	 0.0	30.0	 0.0	60.0	 0.0	 0.0	ZVR989883
97	8617896362909	4000	0	14	0	4000	 0.0	 0.0	 0.0	 0.0	 0.0	 0.0	60.0	 0.0	 0.0	MGS048944
138	8618294117991	4000	0	12	600	12600	 0.0	 0.0	45.0	 0.0	45.0	 0.0	60.0	 0.0	12.0	QJZ731356
133	8618372172656	300	0	13	0	300	 0.0	 0.0	 0.0	 0.0	 0.0	 0.0	 3.0	 0.0	 0.0	PPY707589
198	8618690737470	4000	0	13	0	8000	 0.0	 0.0	30.0	 0.0	30.0	 0.0	60.0	 0.0	 0.0	YFC159196
185	8613594429380	4000	0	14	0	4000	 0.0	 0.0	 0.0	 0.0	 0.0	 0.0	60.0	 0.0	 0.0	WOE259525
28	8617895080407	0	0	15	0	0	 0.0	 0.0	 0.0	 0.0	 0.0	 0.0	 0.0	 0.0	 0.0	DSS625130
139	8617612383979	0	0	15	0	0	 0.0	 0.0	 0.0	 0.0	 0.0	 0.0	 0.0	 0.0	 0.0	QOR321736
206	8615854883485	300	0	13	0	300	 0.0	 0.0	 0.0	 0.0	 0.0	 0.0	 3.0	 0.0	 0.0	ZBN092945
58	8615198274672	0	0	11	0	0	 0.0	 0.0	 0.0	 0.0	 0.0	 0.0	 0.0	 0.0	 0.0	ICN581425
171	8618284531187	4000	0	11	0	4000	 0.0	 0.0	 0.0	 0.0	 0.0	 0.0	60.0	60.0	 0.0	VED130862
88	8615361643318	4000	0	10	0	29200	 0.0	 0.0	30.0	30.0	30.0	30.0	60.0	60.0	 0.0	LCP644573
2	8618864286367	4000	0	11	600	25200	 0.0	 0.0	46.2	46.2	46.2	46.2	60.0	60.0	13.2	BJO886097
65	8617896886062	300	0	12	0	300	 0.0	 0.0	 0.0	 0.0	 0.0	 0.0	 3.0	 3.0	 0.0	IWY400491
85	8613723088743	4000	0	12	600	20600	 0.0	 0.0	45.0	45.0	45.0	45.0	60.0	60.0	12.0	KSY376644
9	8614738962743	4000	1	13	4000	16000	 7.8	 7.3	30.0	30.0	37.8	37.3	60.0	60.0	 0.0	BWG925767
178	8613122233850	4000	0	14	0	4000	 0.0	 0.0	 0.0	 0.0	 0.0	 0.0	60.0	60.0	 0.0	VQD105821
187	8613710814552	0	1	14	4000	8000	12.0	 0.0	 0.0	 0.0	12.0	 0.0	 0.0	 0.0	 0.0	WRV037849
87	8613436251181	4000	0	15	0	4000	 0.0	 0.0	 0.0	 0.0	 0.0	 0.0	60.0	 0.0	 0.0	KXS967145
46	8614716984552	0	0	16	0	0	 0.0	 0.0	 0.0	 0.0	 0.0	 0.0	 0.0	 0.0	 0.0	GWH329899
106	8615728413552	0	0	16	0	0	 0.0	 0.0	 0.0	 0.0	 0.0	 0.0	 0.0	 0.0	 0.0	NCM699179
127	8613452991181	0	0	16	0	0	 0.0	 0.0	 0.0	 0.0	 0.0	 0.0	 0.0	 0.0	 0.0	PKL243090
90	8615519066670	0	0	15	0	4000	 0.0	 0.0	 0.0	 0.0	 0.0	 0.0	 0.0	 0.0	 0.0	LEK349171
16	8617816866621	0	0	16	0	0	 0.0	 0.0	 0.0	 0.0	 0.0	 0.0	 0.0	 0.0	 0.0	DBZ448532
24	8618875291181	0	0	16	0	0	 0.0	 0.0	 0.0	 0.0	 0.0	 0.0	 0.0	 0.0	 0.0	DMP056832
30	8619991206625	0	0	16	0	0	 0.0	 0.0	 0.0	 0.0	 0.0	 0.0	 0.0	 0.0	 0.0	EDZ119972
47	8614756801743	0	0	16	0	4000	 0.0	 0.0	 0.0	 0.0	 0.0	 0.0	 0.0	 0.0	 0.0	GXO370909
6	8615851661002	0	0	17	0	0	 0.0	 0.0	 0.0	 0.0	 0.0	 0.0	 0.0	 0.0	 0.0	BTU375678
91	8613423500324	0	0	17	0	0	 0.0	 0.0	 0.0	 0.0	 0.0	 0.0	 0.0	 0.0	 0.0	LKR007211
93	8615890072666	0	0	17	0	0	 0.0	 0.0	 0.0	 0.0	 0.0	 0.0	 0.0	 0.0	 0.0	LRH428360
98	8617265407111	0	0	17	0	0	 0.0	 0.0	 0.0	 0.0	 0.0	 0.0	 0.0	 0.0	 0.0	MGZ308110
104	8615825912765	0	0	17	0	0	 0.0	 0.0	 0.0	 0.0	 0.0	 0.0	 0.0	 0.0	 0.0	MXP255912
107	8615323841938	0	0	17	0	0	 0.0	 0.0	 0.0	 0.0	 0.0	 0.0	 0.0	 0.0	 0.0	NFE296848
144	8613720280787	0	0	17	0	0	 0.0	 0.0	 0.0	 0.0	 0.0	 0.0	 0.0	 0.0	 0.0	RGX070696
145	8618999990902	0	0	17	0	0	 0.0	 0.0	 0.0	 0.0	 0.0	 0.0	 0.0	 0.0	 0.0	RHM684879
170	8617896887190	4000	0	17	0	4000	 0.0	 0.0	 0.0	 0.0	 0.0	 0.0	60.0	60.0	 0.0	VDT446026
191	8615827147472	0	0	17	0	0	 0.0	 0.0	 0.0	 0.0	 0.0	 0.0	 0.0	 0.0	 0.0	XBL033046
164	8618182366225	0	0	16	0	0	 0.0	 0.0	 0.0	 0.0	 0.0	 0.0	 0.0	 0.0	 0.0	TWY594583
208	8613986075537	0	0	16	0	0	 0.0	 0.0	 0.0	 0.0	 0.0	 0.0	 0.0	 0.0	 0.0	ZCR962182
213	8613452671181	0	0	15	0	0	 0.0	 0.0	 0.0	 0.0	 0.0	 0.0	 0.0	 0.0	 0.0	ZTZ727736
75	8614738961230	300	0	13	0	300	 0.0	 0.0	 0.0	 0.0	 0.0	 0.0	 3.0	 3.0	 0.0	JXH632323
158	8615519066690	300	0	13	0	300	 0.0	 0.0	 0.0	 0.0	 0.0	 0.0	 3.0	 3.0	 0.0	TBF443551
125	8617896886082	300	0	12	0	300	 0.0	 0.0	 0.0	 0.0	 0.0	 0.0	 3.0	 3.0	 0.0	OYN815916
147	8618706743156	0	0	11	0	0	 0.0	 0.0	 0.0	 0.0	 0.0	 0.0	 0.0	 0.0	 0.0	RNH645063
113	8618681373866	300	0	10	0	300	 0.0	 0.0	 0.0	 0.0	 0.0	 0.0	 3.0	 3.0	 0.0	NXT447503
165	8618690737490	0	0	10	0	0	 0.0	 0.0	 0.0	 0.0	 0.0	 0.0	 0.0	 0.0	 0.0	TYK547392
95	8617338318880	0	0	11	0	0	 0.0	 0.0	 0.0	 0.0	 0.0	 0.0	 0.0	 0.0	 0.0	LZY662594
183	8615984799998	300	0	6	0	300	 0.0	 0.0	 0.0	 0.0	 0.0	 0.0	 3.0	 3.0	 0.0	WLV742965
5	8618011391262	0	0	7	0	0	 0.0	 0.0	 0.0	 0.0	 0.0	 0.0	 0.0	 0.0	 0.0	BSR456491
186	8615047703409	0	0	6	0	0	 0.0	 0.0	 0.0	 0.0	 0.0	 0.0	 0.0	 0.0	 0.0	WQY904064
204	8615037377093	0	0	6	0	0	 0.0	 0.0	 0.0	 0.0	 0.0	 0.0	 0.0	 0.0	 0.0	YJO198034
43	8613733173002	0	0	7	0	0	 0.0	 0.0	 0.0	 0.0	 0.0	 0.0	 0.0	 0.0	 0.0	GKR884461
209	8615086788778	0	0	5	0	24000	 0.0	 0.0	 0.0	 0.0	 0.0	 0.0	 0.0	 0.0	 0.0	ZEG940521
33	8618583995265	0	0	6	0	24000	 0.0	 0.0	 0.0	 0.0	 0.0	 0.0	 0.0	 0.0	 0.0	FIZ046564
50	8615223873233	4000	1	7	8000	24000	30.0	24.0	60.0	60.0	90.0	84.0	60.0	60.0	 0.0	HFO628364
13	8618685299922	4000	0	8	0	8000	 0.0	 0.0	30.0	30.0	30.0	30.0	60.0	60.0	 0.0	CQX327622
51	8613925090536	4000	0	9	0	4000	 0.0	 0.0	 0.0	 0.0	 0.0	 0.0	60.0	60.0	 0.0	HGM493796
53	8618818805896	0	0	10	0	0	 0.0	 0.0	 0.0	 0.0	 0.0	 0.0	 0.0	 0.0	 0.0	HNQ461543
177	8613303899611	0	0	10	0	0	 0.0	 0.0	 0.0	 0.0	 0.0	 0.0	 0.0	 0.0	 0.0	VPU200042
167	8618723842188	4000	0	8	0	12000	 0.0	 0.0	30.0	30.0	30.0	30.0	60.0	60.0	 0.0	UNN741411
17	8618716439337	4000	0	9	0	8000	 0.0	 0.0	 0.0	 0.0	 0.0	 0.0	60.0	60.0	 0.0	DDU213990
179	8613888791852	0	0	10	0	4000	 0.0	 0.0	 0.0	 0.0	 0.0	 0.0	 0.0	 0.0	 0.0	WBL803274
84	8618375627455	0	0	11	0	0	 0.0	 0.0	 0.0	 0.0	 0.0	 0.0	 0.0	 0.0	 0.0	KST876448
200	8613368163603	0	0	12	0	0	 0.0	 0.0	 0.0	 0.0	 0.0	 0.0	 0.0	 0.0	 0.0	YHC651845
18	8613388999888	0	0	13	0	0	 0.0	 0.0	 0.0	 0.0	 0.0	 0.0	 0.0	 0.0	 0.0	DHE182051
117	8615555178658	0	0	13	0	0	 0.0	 0.0	 0.0	 0.0	 0.0	 0.0	 0.0	 0.0	 0.0	OKY966915
182	8618166319777	0	0	11	0	4000	 0.0	 0.0	 0.0	 0.0	 0.0	 0.0	 0.0	 0.0	 0.0	WJT845578
83	8615223829113	0	0	12	0	4000	 0.0	 0.0	 0.0	 0.0	 0.0	 0.0	 0.0	 0.0	 0.0	KSL866668
194	8618996123538	4000	0	13	0	4000	 0.0	 0.0	 0.0	 0.0	 0.0	 0.0	60.0	 0.0	 0.0	XWU452568
210	8618368779506	0	0	13	0	0	 0.0	 0.0	 0.0	 0.0	 0.0	 0.0	 0.0	 0.0	 0.0	ZNL577877
77	8618123222641	0	0	7	0	0	 0.0	 0.0	 0.0	 0.0	 0.0	 0.0	 0.0	 0.0	 0.0	JYU625776
142	8618123222642	0	0	8	0	0	 0.0	 0.0	 0.0	 0.0	 0.0	 0.0	 0.0	 0.0	 0.0	QYD959806
11	8618583995249	0	0	9	0	0	 0.0	 0.0	 0.0	 0.0	 0.0	 0.0	 0.0	 0.0	 0.0	CMH516722
15	8613636590953	0	0	10	0	0	 0.0	 0.0	 0.0	 0.0	 0.0	 0.0	 0.0	 0.0	 0.0	CVL862894
192	8618008354387	0	0	11	0	0	 0.0	 0.0	 0.0	 0.0	 0.0	 0.0	 0.0	 0.0	 0.0	XLV825102
19	8615223781119	0	0	10	0	0	 0.0	 0.0	 0.0	 0.0	 0.0	 0.0	 0.0	 0.0	 0.0	DIV853663
22	8618583995248	0	0	10	0	0	 0.0	 0.0	 0.0	 0.0	 0.0	 0.0	 0.0	 0.0	 0.0	DJX816239
159	8618123222084	0	0	11	0	0	 0.0	 0.0	 0.0	 0.0	 0.0	 0.0	 0.0	 0.0	 0.0	TCE601266
20	8618583995243	0	0	12	0	0	 0.0	 0.0	 0.0	 0.0	 0.0	 0.0	 0.0	 0.0	 0.0	DJI028200
36	8618123222064	0	0	13	0	0	 0.0	 0.0	 0.0	 0.0	 0.0	 0.0	 0.0	 0.0	 0.0	FNU881346
41	8618598539111	0	0	13	0	0	 0.0	 0.0	 0.0	 0.0	 0.0	 0.0	 0.0	 0.0	 0.0	GKH500638
60	8613658469082	0	0	12	0	0	 0.0	 0.0	 0.0	 0.0	 0.0	 0.0	 0.0	 0.0	 0.0	IDC721548
26	8618375759660	0	0	13	0	0	 0.0	 0.0	 0.0	 0.0	 0.0	 0.0	 0.0	 0.0	 0.0	DRR947674
71	8615923129800	0	0	13	0	0	 0.0	 0.0	 0.0	 0.0	 0.0	 0.0	 0.0	 0.0	 0.0	JSC260045
215	8618696578048	0	0	9	0	0	 0.0	 0.0	 0.0	 0.0	 0.0	 0.0	 0.0	 0.0	 0.0	ZZI592784
54	8618581188889	0	0	10	0	0	 0.0	 0.0	 0.0	 0.0	 0.0	 0.0	 0.0	 0.0	 0.0	HPS081382
23	8615310238997	0	0	11	0	0	 0.0	 0.0	 0.0	 0.0	 0.0	 0.0	 0.0	 0.0	 0.0	DLS136088
44	8613508318633	0	0	11	0	0	 0.0	 0.0	 0.0	 0.0	 0.0	 0.0	 0.0	 0.0	 0.0	GMU493647
124	8619923136672	0	0	11	0	0	 0.0	 0.0	 0.0	 0.0	 0.0	 0.0	 0.0	 0.0	 0.0	OYJ140455
146	8613251253231	0	0	8	0	0	 0.0	 0.0	 0.0	 0.0	 0.0	 0.0	 0.0	 0.0	 0.0	RIB073327
14	8615322489116	0	0	9	0	0	 0.0	 0.0	 0.0	 0.0	 0.0	 0.0	 0.0	 0.0	 0.0	CSZ127921
3	8613433668689	0	0	10	0	0	 0.0	 0.0	 0.0	 0.0	 0.0	 0.0	 0.0	 0.0	 0.0	BKX048781
31	8615052418636	0	0	10	0	0	 0.0	 0.0	 0.0	 0.0	 0.0	 0.0	 0.0	 0.0	 0.0	ESP995725
56	8618927603889	0	0	10	0	0	 0.0	 0.0	 0.0	 0.0	 0.0	 0.0	 0.0	 0.0	 0.0	HXR966759
82	8615551197766	0	0	10	0	0	 0.0	 0.0	 0.0	 0.0	 0.0	 0.0	 0.0	 0.0	 0.0	KRJ759923
110	8613251253073	0	0	9	0	0	 0.0	 0.0	 0.0	 0.0	 0.0	 0.0	 0.0	 0.0	 0.0	NRJ110156
141	8615502372558	0	0	9	0	0	 0.0	 0.0	 0.0	 0.0	 0.0	 0.0	 0.0	 0.0	 0.0	QVN733078


=====================  错误流水单 185：8613594429380 ====================================
Thu Apr  9 13:37:52 2020
method1(yhw):静态:  0.0 矿圈:0 推荐:  0.0 动态:  0.0
method2(lqh):静态:60.0 矿圈:0 推荐:0 动态:  0.0新矿圈：0
理论最大矿圈收益:v1:0.0	v2:0.0	v3:0.0
内部序号	注册名		余额	VIP等级	节点层级	vip累计	总业绩	矿圈1	老袁矿圈	总推荐	老袁推荐	动态	老袁动态	静态	老袁静态	二代推荐	推荐码

详情如下:
--------------------------------------------------------------
Info 185:
总业绩(含自身):4000	4000
下属贡献:0
下属数量:3
下属编号:	[185, 28, 139]

185	8613594429380	4000	0	14	0	4000	 0.0	 0.0	 0.0	 0.0	 0.0	 0.0	60.0	 0.0	 0.0	WOE259525
28	8617895080407	0	0	15	0	0	 0.0	 0.0	 0.0	 0.0	 0.0	 0.0	 0.0	 0.0	 0.0	DSS625130
139	8617612383979	0	0	15	0	0	 0.0	 0.0	 0.0	 0.0	 0.0	 0.0	 0.0	 0.0	 0.0	QOR321736


=====================  错误流水单 187：8613710814552 ====================================
Thu Apr  9 13:37:52 2020
method1(yhw):静态:  0.0 矿圈:0 推荐:  0.0 动态:  0.0
method2(lqh):静态:0 矿圈:12.0 推荐:0.0 动态: 12.0新矿圈：12.0
理论最大矿圈收益:v1:12.0	v2:18.0	v3:24.0
内部序号	注册名		余额	VIP等级	节点层级	vip累计	总业绩	矿圈1	老袁矿圈	总推荐	老袁推荐	动态	老袁动态	静态	老袁静态	二代推荐	推荐码

详情如下:
--------------------------------------------------------------
Info 187:
总业绩(含自身):8000	8000
下属贡献:8000
下属数量:23
下属编号:	[187, 87, 46, 106, 127, 90, 16, 24, 30, 47, 6, 91, 93, 98, 104, 107, 144, 145, 170, 191, 164, 208, 213]

187	8613710814552	0	1	14	4000	8000	12.0	 0.0	 0.0	 0.0	12.0	 0.0	 0.0	 0.0	 0.0	WRV037849
87	8613436251181	4000	0	15	0	4000	 0.0	 0.0	 0.0	 0.0	 0.0	 0.0	60.0	 0.0	 0.0	KXS967145
46	8614716984552	0	0	16	0	0	 0.0	 0.0	 0.0	 0.0	 0.0	 0.0	 0.0	 0.0	 0.0	GWH329899
106	8615728413552	0	0	16	0	0	 0.0	 0.0	 0.0	 0.0	 0.0	 0.0	 0.0	 0.0	 0.0	NCM699179
127	8613452991181	0	0	16	0	0	 0.0	 0.0	 0.0	 0.0	 0.0	 0.0	 0.0	 0.0	 0.0	PKL243090
90	8615519066670	0	0	15	0	4000	 0.0	 0.0	 0.0	 0.0	 0.0	 0.0	 0.0	 0.0	 0.0	LEK349171
16	8617816866621	0	0	16	0	0	 0.0	 0.0	 0.0	 0.0	 0.0	 0.0	 0.0	 0.0	 0.0	DBZ448532
24	8618875291181	0	0	16	0	0	 0.0	 0.0	 0.0	 0.0	 0.0	 0.0	 0.0	 0.0	 0.0	DMP056832
30	8619991206625	0	0	16	0	0	 0.0	 0.0	 0.0	 0.0	 0.0	 0.0	 0.0	 0.0	 0.0	EDZ119972
47	8614756801743	0	0	16	0	4000	 0.0	 0.0	 0.0	 0.0	 0.0	 0.0	 0.0	 0.0	 0.0	GXO370909
6	8615851661002	0	0	17	0	0	 0.0	 0.0	 0.0	 0.0	 0.0	 0.0	 0.0	 0.0	 0.0	BTU375678
91	8613423500324	0	0	17	0	0	 0.0	 0.0	 0.0	 0.0	 0.0	 0.0	 0.0	 0.0	 0.0	LKR007211
93	8615890072666	0	0	17	0	0	 0.0	 0.0	 0.0	 0.0	 0.0	 0.0	 0.0	 0.0	 0.0	LRH428360
98	8617265407111	0	0	17	0	0	 0.0	 0.0	 0.0	 0.0	 0.0	 0.0	 0.0	 0.0	 0.0	MGZ308110
104	8615825912765	0	0	17	0	0	 0.0	 0.0	 0.0	 0.0	 0.0	 0.0	 0.0	 0.0	 0.0	MXP255912
107	8615323841938	0	0	17	0	0	 0.0	 0.0	 0.0	 0.0	 0.0	 0.0	 0.0	 0.0	 0.0	NFE296848
144	8613720280787	0	0	17	0	0	 0.0	 0.0	 0.0	 0.0	 0.0	 0.0	 0.0	 0.0	 0.0	RGX070696
145	8618999990902	0	0	17	0	0	 0.0	 0.0	 0.0	 0.0	 0.0	 0.0	 0.0	 0.0	 0.0	RHM684879
170	8617896887190	4000	0	17	0	4000	 0.0	 0.0	 0.0	 0.0	 0.0	 0.0	60.0	60.0	 0.0	VDT446026
191	8615827147472	0	0	17	0	0	 0.0	 0.0	 0.0	 0.0	 0.0	 0.0	 0.0	 0.0	 0.0	XBL033046
164	8618182366225	0	0	16	0	0	 0.0	 0.0	 0.0	 0.0	 0.0	 0.0	 0.0	 0.0	 0.0	TWY594583
208	8613986075537	0	0	16	0	0	 0.0	 0.0	 0.0	 0.0	 0.0	 0.0	 0.0	 0.0	 0.0	ZCR962182
213	8613452671181	0	0	15	0	0	 0.0	 0.0	 0.0	 0.0	 0.0	 0.0	 0.0	 0.0	 0.0	ZTZ727736


=====================  错误流水单 188：8613578876711 ====================================
Thu Apr  9 13:37:52 2020
method1(yhw):静态: 11.0 矿圈:0 推荐:  0.0 动态:  0.0
method2(lqh):静态:11.0 矿圈:0 推荐:5.5 动态:  5.5新矿圈：0
理论最大矿圈收益:v1:6.0	v2:9.0	v3:12.0
内部序号	注册名		余额	VIP等级	节点层级	vip累计	总业绩	矿圈1	老袁矿圈	总推荐	老袁推荐	动态	老袁动态	静态	老袁静态	二代推荐	推荐码

详情如下:
--------------------------------------------------------------
Info 188:
总业绩(含自身):5000	5000
下属贡献:4000
下属数量:3
下属编号:	[188, 157, 166]

188	8613578876711	1000	0	10	0	5000	 0.0	 0.0	 5.5	 0.0	 5.5	 0.0	11.0	11.0	 0.0	WUY684475
157	8615506013567	4000	0	11	0	4000	 0.0	 0.0	 0.0	 0.0	 0.0	 0.0	60.0	 0.0	 0.0	STJ172221
166	8617549669431	0	0	12	0	0	 0.0	 0.0	 0.0	 0.0	 0.0	 0.0	 0.0	 0.0	 0.0	UCC349096


=====================  错误流水单 194：8618996123538 ====================================
Thu Apr  9 13:37:52 2020
method1(yhw):静态:  0.0 矿圈:0 推荐:  0.0 动态:  0.0
method2(lqh):静态:60.0 矿圈:0 推荐:0 动态:  0.0新矿圈：0
理论最大矿圈收益:v1:0.0	v2:0.0	v3:0.0
内部序号	注册名		余额	VIP等级	节点层级	vip累计	总业绩	矿圈1	老袁矿圈	总推荐	老袁推荐	动态	老袁动态	静态	老袁静态	二代推荐	推荐码

详情如下:
--------------------------------------------------------------
Info 194:
总业绩(含自身):4000	4000
下属贡献:0
下属数量:1
下属编号:	[194]

194	8618996123538	4000	0	13	0	4000	 0.0	 0.0	 0.0	 0.0	 0.0	 0.0	60.0	 0.0	 0.0	XWU452568


=====================  错误流水单 196：8618113097275 ====================================
Thu Apr  9 13:37:52 2020
method1(yhw):静态:  0.0 矿圈:0 推荐:  0.0 动态:  0.0
method2(lqh):静态:60.0 矿圈:0 推荐:0 动态:  0.0新矿圈：0
理论最大矿圈收益:v1:0.0	v2:0.0	v3:0.0
内部序号	注册名		余额	VIP等级	节点层级	vip累计	总业绩	矿圈1	老袁矿圈	总推荐	老袁推荐	动态	老袁动态	静态	老袁静态	二代推荐	推荐码

详情如下:
--------------------------------------------------------------
Info 196:
总业绩(含自身):4000	4000
下属贡献:0
下属数量:5
下属编号:	[196, 27, 37, 59, 63]

196	8618113097275	4000	0	12	0	4000	 0.0	 0.0	 0.0	 0.0	 0.0	 0.0	60.0	 0.0	 0.0	YBU222334
27	8618030898800	0	0	13	0	0	 0.0	 0.0	 0.0	 0.0	 0.0	 0.0	 0.0	 0.0	 0.0	DSK687571
37	8617313072887	0	0	14	0	0	 0.0	 0.0	 0.0	 0.0	 0.0	 0.0	 0.0	 0.0	 0.0	FRJ543296
59	8618380343157	0	0	13	0	0	 0.0	 0.0	 0.0	 0.0	 0.0	 0.0	 0.0	 0.0	 0.0	ICX796458
63	8615308017177	0	0	13	0	0	 0.0	 0.0	 0.0	 0.0	 0.0	 0.0	 0.0	 0.0	 0.0	IRZ254913


=====================  错误流水单 198：8618690737470 ====================================
Thu Apr  9 13:37:52 2020
method1(yhw):静态:  0.0 矿圈:0 推荐:  0.0 动态:  0.0
method2(lqh):静态:60.0 矿圈:0 推荐:30.0 动态: 30.0新矿圈：0
理论最大矿圈收益:v1:6.0	v2:9.0	v3:12.0
内部序号	注册名		余额	VIP等级	节点层级	vip累计	总业绩	矿圈1	老袁矿圈	总推荐	老袁推荐	动态	老袁动态	静态	老袁静态	二代推荐	推荐码

详情如下:
--------------------------------------------------------------
Info 198:
总业绩(含自身):8000	8000
下属贡献:4000
下属数量:4
下属编号:	[198, 185, 28, 139]

198	8618690737470	4000	0	13	0	8000	 0.0	 0.0	30.0	 0.0	30.0	 0.0	60.0	 0.0	 0.0	YFC159196
185	8613594429380	4000	0	14	0	4000	 0.0	 0.0	 0.0	 0.0	 0.0	 0.0	60.0	 0.0	 0.0	WOE259525
28	8617895080407	0	0	15	0	0	 0.0	 0.0	 0.0	 0.0	 0.0	 0.0	 0.0	 0.0	 0.0	DSS625130
139	8617612383979	0	0	15	0	0	 0.0	 0.0	 0.0	 0.0	 0.0	 0.0	 0.0	 0.0	 0.0	QOR321736


=====================  错误流水单 199：8618729573406 ====================================
Thu Apr  9 13:37:52 2020
method1(yhw):静态: 60.0 矿圈:30.0400000000 推荐:129.8 动态:129.8
method2(lqh):静态:60.0 矿圈:33.9215625 推荐:99.8 动态:133.7新矿圈：33.92156249999999
理论最大矿圈收益:v1:127.80000000000001	v2:191.7	v3:255.60000000000002
内部序号	注册名		余额	VIP等级	节点层级	vip累计	总业绩	矿圈1	老袁矿圈	总推荐	老袁推荐	动态	老袁动态	静态	老袁静态	二代推荐	推荐码

详情如下:
--------------------------------------------------------------
Info 199:
总业绩(含自身):91000	91000
下属贡献:87000
下属数量:64
下属编号:	[199, 96, 160, 42, 67, 162, 140, 137, 120, 149, 76, 34, 39, 7, 81, 4, 203, 214, 97, 138, 133, 198, 185, 28, 139, 206, 58, 171, 88, 2, 65, 85, 9, 178, 187, 87, 46, 106, 127, 90, 16, 24, 30, 47, 6, 91, 93, 98, 104, 107, 144, 145, 170, 191, 164, 208, 213, 75, 158, 125, 147, 113, 165, 95]

199	8618729573406	4000	1	8	16000	91000	33.9	30.0	99.8	99.8	133.7	129.8	60.0	60.0	26.8	YGX847744
96	8618149365022	4000	0	9	0	14000	 0.0	 0.0	 5.5	 5.5	 5.5	 5.5	60.0	60.0	 0.0	MDB114115
160	8618942591687	1000	0	10	0	10000	 0.0	 0.0	 5.5	 5.5	 5.5	 5.5	11.0	11.0	 0.0	TDD824072
42	8618932167565	0	0	11	0	0	 0.0	 0.0	 0.0	 0.0	 0.0	 0.0	 0.0	 0.0	 0.0	GKP662537
67	8615070730678	4000	0	11	0	9000	 0.0	 0.0	30.0	30.0	30.0	30.0	60.0	60.0	 0.0	JCD407107
162	8618710626161	4000	0	12	0	5000	 0.0	 0.0	 0.0	 0.0	 0.0	 0.0	60.0	60.0	 0.0	TNB503947
140	8613606366585	0	0	13	0	1000	 0.0	 0.0	 0.0	 0.0	 0.0	 0.0	 0.0	 0.0	 0.0	QQZ456975
137	8613455660218	1000	0	14	0	1000	 0.0	 0.0	 0.0	 0.0	 0.0	 0.0	11.0	11.0	 0.0	QFS857784
120	8618502948129	2000	0	9	0	2000	 0.0	 0.0	 0.0	 0.0	 0.0	 0.0	26.0	26.0	 0.0	OSD257507
149	8618428132572	4000	1	9	29500	71000	34.1	25.7	97.5	97.5	131.6	123.2	60.0	60.0	36.0	ROS156663
76	8613458615362	4000	1	10	4000	37500	17.6	17.6	60.0	60.0	77.6	77.6	60.0	60.0	 0.0	JXJ028332
34	8613806248096	0	0	11	0	0	 0.0	 0.0	 0.0	 0.0	 0.0	 0.0	 0.0	 0.0	 0.0	FJH579704
39	8619995437059	4000	1	11	12900	29500	37.5	25.5	87.9	87.9	125.4	113.4	60.0	60.0	26.4	GIE371281
7	8613732268550	300	0	12	0	300	 0.0	 0.0	 0.0	 0.0	 0.0	 0.0	 3.0	 3.0	 0.0	BVC270027
81	8615384944135	4000	0	12	600	12600	 0.0	 0.0	45.0	45.0	45.0	45.0	60.0	60.0	12.0	KQJ184239
4	8614754474552	300	0	13	0	300	 0.0	 0.0	 0.0	 0.0	 0.0	 0.0	 3.0	 0.0	 0.0	BSO706454
203	8618464601218	300	0	13	0	300	 0.0	 0.0	 0.0	 0.0	 0.0	 0.0	 3.0	 0.0	 0.0	YIW962413
214	8617895364218	4000	0	13	0	8000	 0.0	 0.0	30.0	 0.0	30.0	 0.0	60.0	 0.0	 0.0	ZVR989883
97	8617896362909	4000	0	14	0	4000	 0.0	 0.0	 0.0	 0.0	 0.0	 0.0	60.0	 0.0	 0.0	MGS048944
138	8618294117991	4000	0	12	600	12600	 0.0	 0.0	45.0	 0.0	45.0	 0.0	60.0	 0.0	12.0	QJZ731356
133	8618372172656	300	0	13	0	300	 0.0	 0.0	 0.0	 0.0	 0.0	 0.0	 3.0	 0.0	 0.0	PPY707589
198	8618690737470	4000	0	13	0	8000	 0.0	 0.0	30.0	 0.0	30.0	 0.0	60.0	 0.0	 0.0	YFC159196
185	8613594429380	4000	0	14	0	4000	 0.0	 0.0	 0.0	 0.0	 0.0	 0.0	60.0	 0.0	 0.0	WOE259525
28	8617895080407	0	0	15	0	0	 0.0	 0.0	 0.0	 0.0	 0.0	 0.0	 0.0	 0.0	 0.0	DSS625130
139	8617612383979	0	0	15	0	0	 0.0	 0.0	 0.0	 0.0	 0.0	 0.0	 0.0	 0.0	 0.0	QOR321736
206	8615854883485	300	0	13	0	300	 0.0	 0.0	 0.0	 0.0	 0.0	 0.0	 3.0	 0.0	 0.0	ZBN092945
58	8615198274672	0	0	11	0	0	 0.0	 0.0	 0.0	 0.0	 0.0	 0.0	 0.0	 0.0	 0.0	ICN581425
171	8618284531187	4000	0	11	0	4000	 0.0	 0.0	 0.0	 0.0	 0.0	 0.0	60.0	60.0	 0.0	VED130862
88	8615361643318	4000	0	10	0	29200	 0.0	 0.0	30.0	30.0	30.0	30.0	60.0	60.0	 0.0	LCP644573
2	8618864286367	4000	0	11	600	25200	 0.0	 0.0	46.2	46.2	46.2	46.2	60.0	60.0	13.2	BJO886097
65	8617896886062	300	0	12	0	300	 0.0	 0.0	 0.0	 0.0	 0.0	 0.0	 3.0	 3.0	 0.0	IWY400491
85	8613723088743	4000	0	12	600	20600	 0.0	 0.0	45.0	45.0	45.0	45.0	60.0	60.0	12.0	KSY376644
9	8614738962743	4000	1	13	4000	16000	 7.8	 7.3	30.0	30.0	37.8	37.3	60.0	60.0	 0.0	BWG925767
178	8613122233850	4000	0	14	0	4000	 0.0	 0.0	 0.0	 0.0	 0.0	 0.0	60.0	60.0	 0.0	VQD105821
187	8613710814552	0	1	14	4000	8000	12.0	 0.0	 0.0	 0.0	12.0	 0.0	 0.0	 0.0	 0.0	WRV037849
87	8613436251181	4000	0	15	0	4000	 0.0	 0.0	 0.0	 0.0	 0.0	 0.0	60.0	 0.0	 0.0	KXS967145
46	8614716984552	0	0	16	0	0	 0.0	 0.0	 0.0	 0.0	 0.0	 0.0	 0.0	 0.0	 0.0	GWH329899
106	8615728413552	0	0	16	0	0	 0.0	 0.0	 0.0	 0.0	 0.0	 0.0	 0.0	 0.0	 0.0	NCM699179
127	8613452991181	0	0	16	0	0	 0.0	 0.0	 0.0	 0.0	 0.0	 0.0	 0.0	 0.0	 0.0	PKL243090
90	8615519066670	0	0	15	0	4000	 0.0	 0.0	 0.0	 0.0	 0.0	 0.0	 0.0	 0.0	 0.0	LEK349171
16	8617816866621	0	0	16	0	0	 0.0	 0.0	 0.0	 0.0	 0.0	 0.0	 0.0	 0.0	 0.0	DBZ448532
24	8618875291181	0	0	16	0	0	 0.0	 0.0	 0.0	 0.0	 0.0	 0.0	 0.0	 0.0	 0.0	DMP056832
30	8619991206625	0	0	16	0	0	 0.0	 0.0	 0.0	 0.0	 0.0	 0.0	 0.0	 0.0	 0.0	EDZ119972
47	8614756801743	0	0	16	0	4000	 0.0	 0.0	 0.0	 0.0	 0.0	 0.0	 0.0	 0.0	 0.0	GXO370909
6	8615851661002	0	0	17	0	0	 0.0	 0.0	 0.0	 0.0	 0.0	 0.0	 0.0	 0.0	 0.0	BTU375678
91	8613423500324	0	0	17	0	0	 0.0	 0.0	 0.0	 0.0	 0.0	 0.0	 0.0	 0.0	 0.0	LKR007211
93	8615890072666	0	0	17	0	0	 0.0	 0.0	 0.0	 0.0	 0.0	 0.0	 0.0	 0.0	 0.0	LRH428360
98	8617265407111	0	0	17	0	0	 0.0	 0.0	 0.0	 0.0	 0.0	 0.0	 0.0	 0.0	 0.0	MGZ308110
104	8615825912765	0	0	17	0	0	 0.0	 0.0	 0.0	 0.0	 0.0	 0.0	 0.0	 0.0	 0.0	MXP255912
107	8615323841938	0	0	17	0	0	 0.0	 0.0	 0.0	 0.0	 0.0	 0.0	 0.0	 0.0	 0.0	NFE296848
144	8613720280787	0	0	17	0	0	 0.0	 0.0	 0.0	 0.0	 0.0	 0.0	 0.0	 0.0	 0.0	RGX070696
145	8618999990902	0	0	17	0	0	 0.0	 0.0	 0.0	 0.0	 0.0	 0.0	 0.0	 0.0	 0.0	RHM684879
170	8617896887190	4000	0	17	0	4000	 0.0	 0.0	 0.0	 0.0	 0.0	 0.0	60.0	60.0	 0.0	VDT446026
191	8615827147472	0	0	17	0	0	 0.0	 0.0	 0.0	 0.0	 0.0	 0.0	 0.0	 0.0	 0.0	XBL033046
164	8618182366225	0	0	16	0	0	 0.0	 0.0	 0.0	 0.0	 0.0	 0.0	 0.0	 0.0	 0.0	TWY594583
208	8613986075537	0	0	16	0	0	 0.0	 0.0	 0.0	 0.0	 0.0	 0.0	 0.0	 0.0	 0.0	ZCR962182
213	8613452671181	0	0	15	0	0	 0.0	 0.0	 0.0	 0.0	 0.0	 0.0	 0.0	 0.0	 0.0	ZTZ727736
75	8614738961230	300	0	13	0	300	 0.0	 0.0	 0.0	 0.0	 0.0	 0.0	 3.0	 3.0	 0.0	JXH632323
158	8615519066690	300	0	13	0	300	 0.0	 0.0	 0.0	 0.0	 0.0	 0.0	 3.0	 3.0	 0.0	TBF443551
125	8617896886082	300	0	12	0	300	 0.0	 0.0	 0.0	 0.0	 0.0	 0.0	 3.0	 3.0	 0.0	OYN815916
147	8618706743156	0	0	11	0	0	 0.0	 0.0	 0.0	 0.0	 0.0	 0.0	 0.0	 0.0	 0.0	RNH645063
113	8618681373866	300	0	10	0	300	 0.0	 0.0	 0.0	 0.0	 0.0	 0.0	 3.0	 3.0	 0.0	NXT447503
165	8618690737490	0	0	10	0	0	 0.0	 0.0	 0.0	 0.0	 0.0	 0.0	 0.0	 0.0	 0.0	TYK547392
95	8617338318880	0	0	11	0	0	 0.0	 0.0	 0.0	 0.0	 0.0	 0.0	 0.0	 0.0	 0.0	LZY662594


=====================  错误流水单 203：8618464601218 ====================================
Thu Apr  9 13:37:52 2020
method1(yhw):静态:  0.0 矿圈:0 推荐:  0.0 动态:  0.0
method2(lqh):静态:3.0 矿圈:0 推荐:0 动态:  0.0新矿圈：0
理论最大矿圈收益:v1:0.0	v2:0.0	v3:0.0
内部序号	注册名		余额	VIP等级	节点层级	vip累计	总业绩	矿圈1	老袁矿圈	总推荐	老袁推荐	动态	老袁动态	静态	老袁静态	二代推荐	推荐码

详情如下:
--------------------------------------------------------------
Info 203:
总业绩(含自身):300	300
下属贡献:0
下属数量:1
下属编号:	[203]

203	8618464601218	300	0	13	0	300	 0.0	 0.0	 0.0	 0.0	 0.0	 0.0	 3.0	 0.0	 0.0	YIW962413


=====================  错误流水单 206：8615854883485 ====================================
Thu Apr  9 13:37:52 2020
method1(yhw):静态:  0.0 矿圈:0 推荐:  0.0 动态:  0.0
method2(lqh):静态:3.0 矿圈:0 推荐:0 动态:  0.0新矿圈：0
理论最大矿圈收益:v1:0.0	v2:0.0	v3:0.0
内部序号	注册名		余额	VIP等级	节点层级	vip累计	总业绩	矿圈1	老袁矿圈	总推荐	老袁推荐	动态	老袁动态	静态	老袁静态	二代推荐	推荐码

详情如下:
--------------------------------------------------------------
Info 206:
总业绩(含自身):300	300
下属贡献:0
下属数量:1
下属编号:	[206]

206	8615854883485	300	0	13	0	300	 0.0	 0.0	 0.0	 0.0	 0.0	 0.0	 3.0	 0.0	 0.0	ZBN092945


=====================  错误流水单 214：8617895364218 ====================================
Thu Apr  9 13:37:52 2020
method1(yhw):静态:  0.0 矿圈:0 推荐:  0.0 动态:  0.0
method2(lqh):静态:60.0 矿圈:0 推荐:30.0 动态: 30.0新矿圈：0
理论最大矿圈收益:v1:6.0	v2:9.0	v3:12.0
内部序号	注册名		余额	VIP等级	节点层级	vip累计	总业绩	矿圈1	老袁矿圈	总推荐	老袁推荐	动态	老袁动态	静态	老袁静态	二代推荐	推荐码

详情如下:
--------------------------------------------------------------
Info 214:
总业绩(含自身):8000	8000
下属贡献:4000
下属数量:2
下属编号:	[214, 97]

214	8617895364218	4000	0	13	0	8000	 0.0	 0.0	30.0	 0.0	30.0	 0.0	60.0	 0.0	 0.0	ZVR989883
97	8617896362909	4000	0	14	0	4000	 0.0	 0.0	 0.0	 0.0	 0.0	 0.0	60.0	 0.0	 0.0	MGS048944
